1747025267840 64.0 0
1747025267844 37.0 0
1747025267846 71.0 0
1747025267851 37.0 0
1747025267852 33.0 0
1747025267852 76.0 0
1747025267854 40.0 0
1747025267855 78.0 0
1747025267857 57.0 0
1747025267860 30.0 0
1747025267870 52.0 0
1747025267871 17.0 0
1747025267871 19.0 0
1747025267874 61.0 0
1747025267878 88.0 0
1747025267879 28.0 0
1747025267881 52.0 0
1747025267882 47.0 0
1747025267885 76.0 0
1747025267886 78.0 0
1747025267887 33.0 0
1747025267888 88.0 0
1747025267889 83.0 0
1747025267891 38.0 0
1747025267892 27.0 0
1747025267892 51.0 0
1747025267895 31.0 0
1747025267897 68.0 0
1747025267899 48.0 0
1747025267900 75.0 0
1747025267902 19.0 0
1747025267904 85.0 0
1747025267905 98.0 0
1747025267910 40.0 0
1747025267915 82.0 0
1747025267916 20.0 0
1747025267918 17.0 0
1747025267920 73.0 0
1747025267923 38.0 0
1747025267925 96.0 0
1747025267926 71.0 0
1747025267926 67.0 0
1747025267927 11.0 0
1747025267929 16.0 0
1747025267930 33.0 0
1747025267934 77.0 0
1747025267937 14.0 0
1747025267938 48.0 0
1747025267939 45.0 0
1747025267941 34.0 0
1747025267943 40.0 0
1747025267944 38.0 0
1747025267947 76.0 0
1747025267948 38.0 0
1747025267959 20.0 0
1747025267959 22.0 0
1747025267964 31.0 0
1747025267966 70.0 0
1747025267967 35.0 0
1747025267967 86.0 0
1747025267968 20.0 0
1747025267970 17.0 0
1747025267971 77.0 0
1747025267973 99.0 0
1747025267974 98.0 0
1747025267975 94.0 0
1747025267977 27.0 0
1747025267981 39.0 0
1747025267983 18.0 0
1747025267984 40.0 0
1747025267988 73.0 0
1747025267990 61.0 0
1747025267992 35.0 0
1747025267993 13.0 0
1747025267994 99.0 0
1747025267995 90.0 0
1747025267998 47.0 0
1747025268001 20.0 0
1747025268003 90.0 0
1747025268003 93.0 0
1747025268004 37.0 0
1747025268006 85.0 0
1747025268007 61.0 0
1747025268013 92.0 0
1747025268015 44.0 0
1747025268017 30.0 0
1747025268020 46.0 0
1747025268022 67.0 0
1747025268024 89.0 0
1747025268026 18.0 0
1747025268028 79.0 0
1747025268029 15.0 0
1747025268030 48.0 0
1747025268033 89.0 0
1747025268034 63.0 0
1747025268035 30.0 0
1747025268036 78.0 0
1747025268037 19.0 0
1747025268037 41.0 0
1747025268038 91.0 0
1747025268040 35.0 0
1747025268042 91.0 0
1747025268049 4.0 0
1747025268050 63.0 0
1747025268052 66.0 0
1747025268053 30.0 0
1747025268057 97.0 0
1747025268060 92.0 0
1747025268061 73.0 0
1747025268067 4.0 0
1747025268069 73.0 0
1747025268072 98.0 0
1747025268073 96.0 0
1747025268074 38.0 0
1747025268077 90.0 0
1747025268078 24.0 0
1747025268079 96.0 0
1747025268081 76.0 0
1747025268084 76.0 0
1747025268086 84.0 0
1747025268089 75.0 0
1747025268091 50.0 0
1747025268091 84.0 0
1747025268092 93.0 0
1747025268093 81.0 0
1747025268094 69.0 0
1747025268096 6.0 0
1747025268098 66.0 0
1747025268107 62.0 0
1747025268108 29.0 0
1747025268109 68.0 0
1747025268111 46.0 0
1747025268112 86.0 0
1747025268114 12.0 0
1747025268114 87.0 0
1747025268117 61.0 0
1747025268118 84.0 0
1747025268123 88.0 0
1747025268125 50.0 0
1747025268125 11.0 0
1747025268126 31.0 0
1747025268126 70.0 0
1747025268127 83.0 0
1747025268130 8.0 0
1747025268131 4.0 0
1747025268134 4.0 0
1747025268135 41.0 0
1747025268140 82.0 0
1747025268142 67.0 0
1747025268143 30.0 0
1747025268143 88.0 0
1747025268145 58.0 0
1747025268147 91.0 0
1747025268149 87.0 0
1747025268150 88.0 0
1747025268153 90.0 0
1747025268154 64.0 0
1747025268155 56.0 0
1747025268155 40.0 0
1747025268156 65.0 0
1747025268158 70.0 0
1747025268158 48.0 0
1747025268160 9.0 0
1747025268164 35.0 0
1747025268165 78.0 0
1747025268167 75.0 0
1747025268168 90.0 0
1747025268170 82.0 0
1747025268172 24.0 0
1747025268172 70.0 0
1747025268173 27.0 0
1747025268174 52.0 0
1747025268175 48.0 0
1747025268183 57.0 0
1747025268183 12.0 0
1747025268184 75.0 0
1747025268186 19.0 0
1747025268187 97.0 0
1747025268188 41.0 0
1747025268188 50.0 0
1747025268191 17.0 0
1747025268191 22.0 0
1747025268192 30.0 0
1747025268197 91.0 0
1747025268198 93.0 0
1747025268199 10.0 0
1747025268200 78.0 0
1747025268205 57.0 0
1747025268209 95.0 0
1747025268210 13.0 0
1747025268212 92.0 0
1747025268213 46.0 0
1747025268215 53.0 0
1747025268218 40.0 0
1747025268218 90.0 0
1747025268219 33.0 0
1747025268220 90.0 0
1747025268222 72.0 0
1747025268222 25.0 0
1747025268228 97.0 0
1747025268229 1.0 0
1747025268229 40.0 0
1747025268230 87.0 0
1747025268231 78.0 0
1747025268232 14.0 0
1747025268236 97.0 0
1747025268237 34.0 0
1747025268238 75.0 0
1747025268241 93.0 0
1747025268244 72.0 0
1747025268251 89.0 0
1747025268253 76.0 0
1747025268255 84.0 0
1747025268257 75.0 0
1747025268258 43.0 0
1747025268260 21.0 0
1747025268262 49.0 0
1747025268263 72.0 0
1747025268266 90.0 0
1747025268269 29.0 0
1747025268272 43.0 0
1747025268274 17.0 0
1747025268275 2.0 0
1747025268276 48.0 0
1747025268277 63.0 0
1747025268277 14.0 0
1747025268279 8.0 0
1747025268280 56.0 0
1747025268280 7.0 0
1747025268282 8.0 0
1747025268284 89.0 0
1747025268285 98.0 0
1747025268288 88.0 0
1747025268289 55.0 0
1747025268290 11.0 0
1747025268294 2.0 0
1747025268296 69.0 0
1747025268297 43.0 0
1747025268299 78.0 0
1747025268299 99.0 0
1747025268300 55.0 0
1747025268304 63.0 0
1747025268305 2.0 0
1747025268305 46.0 0
1747025268307 63.0 0
1747025268308 16.0 0
1747025268310 15.0 0
1747025268311 64.0 0
1747025268313 16.0 0
1747025268316 83.0 0
1747025268319 46.0 0
1747025268320 17.0 0
1747025268321 72.0 0
1747025268321 97.0 0
1747025268323 53.0 0
1747025268323 1.0 0
1747025268325 40.0 0
1747025268329 58.0 0
1747025268335 50.0 0
1747025268335 40.0 0
1747025268338 26.0 0
1747025268339 38.0 0
1747025268340 81.0 0
1747025268342 56.0 0
1747025268343 46.0 0
1747025268345 21.0 0
1747025268349 16.0 0
1747025268350 63.0 0
1747025268351 65.0 0
1747025268352 54.0 0
1747025268356 42.0 0
1747025268356 41.0 0
1747025268357 42.0 0
1747025268360 62.0 0
1747025268363 71.0 0
1747025268363 96.0 0
1747025268365 42.0 0
1747025268366 41.0 0
1747025268369 23.0 0
1747025268372 42.0 0
1747025268373 32.0 0
1747025268378 28.0 0
1747025268379 10.0 0
1747025268384 14.0 0
1747025268385 47.0 0
1747025268390 0.0 0
1747025268396 54.0 0
1747025268399 20.0 0
1747025268400 19.0 0
1747025268401 64.0 0
1747025268404 75.0 0
1747025268416 43.0 0
1747025268417 7.0 0
1747025268419 90.0 0
1747025268419 76.0 0
1747025268420 97.0 0
1747025268421 38.0 0
1747025268422 0.0 0
1747025268423 33.0 0
1747025268425 22.0 0
1747025268429 60.0 0
1747025268433 62.0 0
1747025268437 20.0 0
1747025268440 38.0 0
1747025268440 61.0 0
1747025268441 2.0 0
1747025268442 13.0 0
1747025268447 82.0 0
1747025268452 97.0 0
1747025268455 26.0 0
1747025268458 92.0 0
1747025268459 53.0 0
1747025268460 2.0 0
1747025268462 56.0 0
1747025268464 50.0 0
1747025268466 64.0 0
1747025268469 18.0 0
1747025268473 73.0 0
1747025268474 46.0 0
1747025268475 61.0 0
1747025268475 88.0 0
1747025268477 84.0 0
1747025268480 95.0 0
1747025268481 46.0 0
1747025268483 20.0 0
1747025268491 3.0 0
1747025268494 90.0 0
1747025268496 1.0 0
1747025268496 23.0 0
1747025268498 55.0 0
1747025268499 14.0 0
1747025268502 22.0 0
1747025268505 19.0 0
1747025268507 59.0 0
1747025268507 71.0 0
1747025268508 51.0 0
1747025268510 36.0 0
1747025268510 80.0 0
1747025268512 66.0 0
1747025268517 9.0 0
1747025268520 75.0 0
1747025268520 51.0 0
1747025268523 62.0 0
1747025268526 80.0 0
1747025268528 31.0 0
1747025268529 15.0 0
1747025268530 31.0 0
1747025268530 63.0 0
1747025268531 21.0 0
1747025268533 11.0 0
1747025268533 33.0 0
1747025268534 26.0 0
1747025268534 65.0 0
1747025268539 44.0 0
1747025268539 85.0 0
1747025268540 63.0 0
1747025268545 3.0 0
1747025268545 65.0 0
1747025268549 88.0 0
1747025268549 49.0 0
1747025268555 50.0 0
1747025268557 38.0 0
1747025268558 12.0 0
1747025268558 8.0 0
1747025268563 69.0 0
1747025268564 8.0 0
1747025268564 44.0 0
1747025268566 23.0 0
1747025268568 39.0 0
1747025268569 54.0 0
1747025268570 28.0 0
1747025268574 18.0 0
1747025268575 80.0 0
1747025268576 67.0 0
1747025268577 13.0 0
1747025268577 60.0 0
1747025268578 62.0 0
1747025268579 61.0 0
1747025268581 54.0 0
1747025268582 81.0 0
1747025268585 10.0 0
1747025268585 51.0 0
1747025268586 83.0 0
1747025268592 40.0 0
1747025268603 75.0 0
1747025268609 16.0 0
1747025268611 8.0 0
1747025268611 67.0 0
1747025268612 88.0 0
1747025268616 37.0 0
1747025268617 18.0 0
1747025268619 89.0 0
1747025268627 51.0 0
1747025268628 90.0 0
1747025268630 76.0 0
1747025268631 11.0 0
1747025268632 95.0 0
1747025268633 31.0 0
1747025268635 72.0 0
1747025268636 88.0 0
1747025268636 55.0 0
1747025268638 12.0 0
1747025268639 11.0 0
1747025268640 43.0 0
1747025268640 65.0 0
1747025268641 67.0 0
1747025268643 18.0 0
1747025268645 49.0 0
1747025268646 16.0 0
1747025268647 1.0 0
1747025268649 92.0 0
1747025268651 0.0 0
1747025268651 41.0 0
1747025268652 91.0 0
1747025268653 12.0 0
1747025268656 94.0 0
1747025268666 75.0 0
1747025268667 64.0 0
1747025268668 3.0 0
1747025268669 2.0 0
1747025268669 45.0 0
1747025268671 29.0 0
1747025268671 0.0 0
1747025268672 50.0 0
1747025268673 26.0 0
1747025268674 19.0 0
1747025268675 70.0 0
1747025268676 51.0 0
1747025268677 69.0 0
1747025268679 40.0 0
1747025268680 33.0 0
1747025268681 76.0 0
1747025268682 13.0 0
1747025268684 96.0 0
1747025268688 2.0 0
1747025268689 25.0 0
1747025268689 28.0 0
1747025268690 82.0 0
1747025268692 85.0 0
1747025268693 92.0 0
1747025268694 85.0 0
1747025268695 90.0 0
1747025268696 19.0 0
1747025268696 44.0 0
1747025268698 14.0 0
1747025268698 63.0 0
1747025268699 18.0 0
1747025268700 45.0 0
1747025268701 57.0 0
1747025268704 5.0 0
1747025268709 85.0 0
1747025268711 2.0 0
1747025268714 39.0 0
1747025268715 78.0 0
1747025268715 24.0 0
1747025268718 74.0 0
1747025268720 1.0 0
1747025268724 28.0 0
1747025268725 53.0 0
1747025268726 5.0 0
1747025268726 60.0 0
1747025268727 13.0 0
1747025268731 69.0 0
1747025268733 19.0 0
1747025268735 33.0 0
1747025268736 30.0 0
1747025268741 14.0 0
1747025268743 38.0 0
1747025268744 98.0 0
1747025268747 8.0 0
1747025268748 92.0 0
1747025268750 2.0 0
1747025268756 11.0 0
1747025268757 52.0 0
1747025268759 2.0 0
1747025268761 41.0 0
1747025268762 0.0 0
1747025268769 27.0 0
1747025268771 96.0 0
1747025268775 22.0 0
1747025268776 70.0 0
1747025268778 11.0 0
1747025268779 5.0 0
1747025268782 37.0 0
1747025268783 10.0 0
1747025268784 14.0 0
1747025268785 7.0 0
1747025268787 93.0 0
1747025268789 33.0 0
1747025268790 38.0 0
1747025268792 48.0 0
1747025268796 97.0 0
1747025268796 84.0 0
1747025268797 94.0 0
1747025268797 99.0 0
1747025268800 26.0 0
1747025268801 14.0 0
1747025268801 93.0 0
1747025268803 67.0 0
1747025268803 62.0 0
1747025268813 30.0 0
1747025268817 13.0 0
1747025268817 83.0 0
1747025268818 25.0 0
1747025268819 51.0 0
1747025268824 57.0 0
1747025268826 8.0 0
1747025268828 38.0 0
1747025268831 19.0 0
1747025268832 86.0 0
1747025268835 4.0 0
1747025268836 52.0 0
1747025268836 64.0 0
1747025268839 67.0 0
1747025268840 1.0 0
1747025268841 19.0 0
1747025268846 99.0 0
1747025268846 54.0 0
1747025268848 31.0 0
1747025268849 44.0 0
1747025268855 29.0 0
1747025268861 76.0 0
1747025268863 69.0 0
1747025268864 83.0 0
1747025268867 84.0 0
1747025268868 49.0 0
1747025268869 21.0 0
1747025268871 58.0 0
1747025268873 80.0 0
1747025268875 84.0 0
1747025268876 68.0 0
1747025268877 37.0 0
1747025268879 12.0 0
1747025268879 16.0 0
1747025268880 73.0 0
1747025268881 90.0 0
1747025268882 50.0 0
1747025268883 91.0 0
1747025268886 40.0 0
1747025268887 9.0 0
1747025268890 33.0 0
1747025268893 24.0 0
1747025268894 71.0 0
1747025268895 76.0 0
1747025268896 44.0 0
1747025268900 59.0 0
1747025268900 35.0 0
1747025268902 39.0 0
1747025268903 32.0 0
1747025268910 47.0 0
1747025268913 69.0 0
1747025268915 65.0 0
1747025268918 32.0 0
1747025268920 55.0 0
1747025268920 19.0 0
1747025268925 84.0 0
1747025268931 56.0 0
1747025268931 66.0 0
1747025268932 12.0 0
1747025268932 22.0 0
1747025268933 47.0 0
1747025268935 45.0 0
1747025268937 29.0 0
1747025268938 89.0 0
1747025268940 3.0 0
1747025268941 47.0 0
1747025268942 71.0 0
1747025268944 74.0 0
1747025268945 16.0 0
1747025268946 22.0 0
1747025268947 28.0 0
1747025268947 67.0 0
1747025268956 29.0 0
1747025268960 31.0 0
1747025268960 70.0 0
1747025268962 39.0 0
1747025268969 66.0 0
1747025268971 90.0 0
1747025268973 6.0 0
1747025268974 67.0 0
1747025268976 51.0 0
1747025268978 61.0 0
1747025268980 20.0 0
1747025268981 5.0 0
1747025268982 65.0 0
1747025268985 10.0 0
1747025268987 15.0 0
1747025268992 53.0 0
1747025268995 58.0 0
1747025268997 68.0 0
1747025268998 6.0 0
1747025269000 59.0 0
1747025269001 60.0 0
1747025269002 57.0 0
1747025269002 53.0 0
1747025269003 78.0 0
1747025269007 15.0 0
1747025269009 69.0 0
1747025269010 0.0 0
1747025269011 33.0 0
1747025269013 52.0 0
1747025269014 98.0 0
1747025269016 18.0 0
1747025269017 42.0 0
1747025269020 12.0 0
1747025269023 63.0 0
1747025269024 60.0 0
1747025269030 88.0 0
1747025269031 38.0 0
1747025269031 4.0 0
1747025269032 92.0 0
1747025269034 98.0 0
1747025269035 43.0 0
1747025269042 67.0 0
1747025269042 72.0 0
1747025269043 66.0 0
1747025269044 70.0 0
1747025269045 30.0 0
1747025269052 28.0 0
1747025269054 82.0 0
1747025269055 87.0 0
1747025269058 39.0 0
1747025269059 58.0 0
1747025269068 37.0 0
1747025269069 21.0 0
1747025269069 23.0 0
1747025269070 32.0 0
1747025269070 89.0 0
1747025269072 6.0 0
1747025269080 2.0 0
1747025269080 71.0 0
1747025269083 14.0 0
1747025269085 25.0 0
1747025269086 45.0 0
1747025269086 70.0 0
1747025269088 53.0 0
1747025269089 58.0 0
1747025269094 92.0 0
1747025269096 22.0 0
1747025269098 17.0 0
1747025269099 21.0 0
1747025269100 33.0 0
1747025269104 63.0 0
1747025269105 70.0 0
1747025269109 44.0 0
1747025269112 75.0 0
1747025269114 33.0 0
1747025269116 94.0 0
1747025269121 48.0 0
1747025269123 96.0 0
1747025269133 75.0 0
1747025269134 9.0 0
1747025269141 16.0 0
1747025269148 67.0 0
1747025269148 84.0 0
1747025269152 27.0 0
1747025269154 70.0 0
1747025269157 55.0 0
1747025269157 18.0 0
1747025269158 71.0 0
1747025269162 47.0 0
1747025269163 58.0 0
1747025269164 94.0 0
1747025269165 60.0 0
1747025269165 20.0 0
1747025269170 48.0 0
1747025269172 51.0 0
1747025269172 52.0 0
1747025269173 20.0 0
1747025269174 12.0 0
1747025269175 87.0 0
1747025269179 26.0 0
1747025269180 38.0 0
1747025269183 18.0 0
1747025269185 57.0 0
1747025269186 81.0 0
1747025269190 55.0 0
1747025269192 27.0 0
1747025269193 17.0 0
1747025269194 73.0 0
1747025269195 9.0 0
1747025269196 67.0 0
1747025269198 60.0 0
1747025269199 77.0 0
1747025269201 94.0 0
1747025269204 69.0 0
1747025269213 90.0 0
1747025269214 62.0 0
1747025269215 89.0 0
1747025269215 82.0 0
1747025269227 67.0 0
1747025269229 21.0 0
1747025269230 58.0 0
1747025269231 68.0 0
1747025269232 65.0 0
1747025269233 16.0 0
1747025269234 84.0 0
1747025269235 15.0 0
1747025269237 37.0 0
1747025269240 55.0 0
1747025269240 34.0 0
1747025269243 7.0 0
1747025269244 85.0 0
1747025269245 86.0 0
1747025269247 28.0 0
1747025269249 46.0 0
1747025269249 23.0 0
1747025269253 47.0 0
1747025269254 81.0 0
1747025269255 82.0 0
1747025269257 82.0 0
1747025269257 82.0 0
1747025269259 76.0 0
1747025269260 82.0 0
1747025269269 88.0 0
1747025269271 49.0 0
1747025269273 75.0 0
1747025269274 84.0 0
1747025269275 86.0 0
1747025269276 50.0 0
1747025269278 54.0 0
1747025269283 9.0 0
1747025269287 89.0 0
1747025269291 65.0 0
1747025269295 57.0 0
1747025269295 56.0 0
1747025269299 17.0 0
1747025269301 64.0 0
1747025269302 91.0 0
1747025269304 75.0 0
1747025269305 95.0 0
1747025269310 49.0 0
1747025269311 18.0 0
1747025269312 10.0 0
1747025269315 7.0 0
1747025269316 5.0 0
1747025269320 14.0 0
1747025269321 81.0 0
1747025269325 68.0 0
1747025269326 14.0 0
1747025269326 44.0 0
1747025269328 30.0 0
1747025269329 48.0 0
1747025269330 74.0 0
1747025269333 61.0 0
1747025269334 78.0 0
1747025269336 0.0 0
1747025269337 34.0 0
1747025269337 50.0 0
1747025269342 82.0 0
1747025269345 87.0 0
1747025269345 32.0 0
1747025269346 57.0 0
1747025269347 12.0 0
1747025269348 30.0 0
1747025269349 97.0 0
1747025269351 8.0 0
1747025269352 9.0 0
1747025269352 11.0 0
1747025269353 44.0 0
1747025269353 42.0 0
1747025269355 98.0 0
1747025269358 32.0 0
1747025269358 38.0 0
1747025269362 39.0 0
1747025269363 53.0 0
1747025269364 16.0 0
1747025269366 97.0 0
1747025269366 64.0 0
1747025269368 1.0 0
1747025269371 80.0 0
1747025269373 78.0 0
1747025269374 12.0 0
1747025269374 19.0 0
1747025269376 3.0 0
1747025269379 33.0 0
1747025269379 63.0 0
1747025269382 51.0 0
1747025269385 74.0 0
1747025269389 23.0 0
1747025269392 9.0 0
1747025269395 91.0 0
1747025269398 64.0 0
1747025269400 88.0 0
1747025269400 77.0 0
1747025269401 16.0 0
1747025269401 19.0 0
1747025269402 50.0 0
1747025269403 69.0 0
1747025269405 99.0 0
1747025269408 20.0 0
1747025269408 39.0 0
1747025269410 80.0 0
1747025269412 43.0 0
1747025269413 57.0 0
1747025269417 63.0 0
1747025269418 33.0 0
1747025269421 54.0 0
1747025269422 57.0 0
1747025269423 89.0 0
1747025269424 22.0 0
1747025269424 25.0 0
1747025269425 53.0 0
1747025269429 19.0 0
1747025269433 31.0 0
1747025269434 94.0 0
1747025269435 79.0 0
1747025269438 33.0 0
1747025269439 13.0 0
1747025269440 20.0 0
1747025269441 12.0 0
1747025269443 32.0 0
1747025269445 92.0 0
1747025269445 47.0 0
1747025269446 65.0 0
1747025269448 88.0 0
1747025269448 84.0 0
1747025269449 16.0 0
1747025269450 54.0 0
1747025269450 57.0 0
1747025269451 37.0 0
1747025269454 80.0 0
1747025269455 56.0 0
1747025269457 90.0 0
1747025269459 46.0 0
1747025269461 42.0 0
1747025269463 61.0 0
1747025269465 49.0 0
1747025269467 46.0 0
1747025269468 1.0 0
1747025269473 28.0 0
1747025269474 93.0 0
1747025269475 85.0 0
1747025269476 76.0 0
1747025269477 93.0 0
1747025269478 13.0 0
1747025269479 2.0 0
1747025269480 13.0 0
1747025269484 51.0 0
1747025269485 96.0 0
1747025269486 25.0 0
1747025269490 19.0 0
1747025269494 7.0 0
1747025269497 17.0 0
1747025269498 82.0 0
1747025269498 78.0 0
1747025269499 28.0 0
1747025269499 66.0 0
1747025269502 52.0 0
1747025269502 46.0 0
1747025269503 62.0 0
1747025269508 89.0 0
1747025269511 93.0 0
1747025269513 27.0 0
1747025269513 98.0 0
1747025269514 14.0 0
1747025269515 47.0 0
1747025269516 47.0 0
1747025269517 25.0 0
1747025269517 33.0 0
1747025269520 29.0 0
1747025269520 47.0 0
1747025269522 47.0 0
1747025269522 25.0 0
1747025269523 41.0 0
1747025269524 11.0 0
1747025269526 86.0 0
1747025269529 87.0 0
1747025269531 41.0 0
1747025269531 85.0 0
1747025269532 55.0 0
1747025269533 55.0 0
1747025269536 90.0 0
1747025269538 23.0 0
1747025269542 70.0 0
1747025269546 20.0 0
1747025269547 75.0 0
1747025269548 48.0 0
1747025269549 65.0 0
1747025269550 61.0 0
1747025269554 0.0 0
1747025269555 25.0 0
1747025269556 14.0 0
1747025269556 44.0 0
1747025269558 4.0 0
1747025269559 64.0 0
1747025269562 53.0 0
1747025269566 20.0 0
1747025269568 59.0 0
1747025269574 54.0 0
1747025269576 8.0 0
1747025269577 83.0 0
1747025269580 36.0 0
1747025269580 17.0 0
1747025269582 89.0 0
1747025269583 32.0 0
1747025269584 80.0 0
1747025269585 76.0 0
1747025269586 81.0 0
1747025269589 95.0 0
1747025269591 41.0 0
1747025269593 44.0 0
1747025269595 66.0 0
1747025269595 22.0 0
1747025269598 18.0 0
1747025269599 14.0 0
1747025269601 35.0 0
1747025269602 34.0 0
1747025269602 41.0 0
1747025269604 44.0 0
1747025269605 42.0 0
1747025269608 61.0 0
1747025269608 12.0 0
1747025269612 25.0 0
1747025269614 11.0 0
1747025269616 64.0 0
1747025269617 52.0 0
1747025269619 85.0 0
1747025269619 6.0 0
1747025269625 99.0 0
1747025269625 63.0 0
1747025269633 99.0 0
1747025269635 42.0 0
1747025269641 77.0 0
1747025269643 37.0 0
1747025269644 44.0 0
1747025269646 8.0 0
1747025269650 68.0 0
1747025269653 20.0 0
1747025269656 30.0 0
1747025269657 56.0 0
1747025269663 36.0 0
1747025269666 72.0 0
1747025269667 54.0 0
1747025269669 17.0 0
1747025269672 51.0 0
1747025269676 50.0 0
1747025269677 20.0 0
1747025269678 62.0 0
1747025269679 44.0 0
1747025269681 53.0 0
1747025269683 46.0 0
1747025269687 31.0 0
1747025269689 59.0 0
1747025269690 66.0 0
1747025269692 46.0 0
1747025269692 25.0 0
1747025269693 63.0 0
1747025269695 35.0 0
1747025269699 62.0 0
1747025269699 94.0 0
1747025269700 77.0 0
1747025269700 66.0 0
1747025269703 5.0 0
1747025269705 19.0 0
1747025269705 85.0 0
1747025269706 46.0 0
1747025269708 73.0 0
1747025269710 51.0 0
1747025269711 30.0 0
1747025269712 59.0 0
1747025269714 59.0 0
1747025269715 18.0 0
1747025269718 92.0 0
1747025269719 62.0 0
1747025269719 70.0 0
1747025269720 34.0 0
1747025269721 51.0 0
1747025269723 96.0 0
1747025269724 53.0 0
1747025269726 26.0 0
1747025269730 82.0 0
1747025269735 95.0 0
1747025269737 80.0 0
1747025269741 56.0 0
1747025269742 71.0 0
1747025269743 59.0 0
1747025269743 15.0 0
1747025269750 73.0 0
1747025269752 37.0 0
1747025269754 83.0 0
1747025269759 69.0 0
1747025269760 34.0 0
1747025269762 29.0 0
1747025269762 84.0 0
1747025269765 53.0 0
1747025269767 17.0 0
1747025269769 31.0 0
1747025269770 3.0 0
1747025269772 75.0 0
1747025269775 10.0 0
1747025269778 0.0 0
1747025269782 65.0 0
1747025269783 15.0 0
1747025269784 73.0 0
1747025269787 73.0 0
1747025269788 32.0 0
1747025269788 69.0 0
1747025269792 74.0 0
1747025269793 76.0 0
1747025269793 86.0 0
1747025269794 1.0 0
1747025269802 30.0 0
1747025269805 88.0 0
1747025269808 48.0 0
1747025269812 73.0 0
1747025269813 53.0 0
1747025269814 60.0 0
1747025269817 46.0 0
1747025269820 76.0 0
1747025269821 8.0 0
1747025269822 26.0 0
1747025269827 80.0 0
1747025269829 56.0 0
1747025269830 5.0 0
1747025269832 3.0 0
1747025269835 24.0 0
1747025269839 68.0 0
1747025269840 65.0 0
1747025269841 8.0 0
1747025269842 66.0 0
1747025269844 93.0 0
1747025269845 66.0 0
1747025269845 18.0 0
1747025269846 35.0 0
1747025269846 17.0 0
1747025269848 87.0 0
1747025269849 44.0 0
1747025269850 12.0 0
1747025269852 54.0 0
1747025269853 92.0 0
1747025269856 28.0 0
1747025269857 21.0 0
1747025269859 20.0 0
1747025269861 28.0 0
1747025269865 49.0 0
1747025269868 22.0 0
1747025269869 9.0 0
1747025269869 17.0 0
1747025269870 69.0 0
1747025269870 84.0 0
1747025269876 88.0 0
1747025269877 5.0 0
1747025269878 93.0 0
1747025269881 78.0 0
1747025269882 31.0 0
1747025269883 66.0 0
1747025269885 40.0 0
1747025269886 75.0 0
1747025269887 97.0 0
1747025269889 3.0 0
1747025269891 61.0 0
1747025269893 68.0 0
1747025269900 1.0 0
1747025269900 48.0 0
1747025269902 7.0 0
1747025269903 35.0 0
1747025269904 88.0 0
1747025269905 96.0 0
1747025269908 32.0 0
1747025269911 71.0 0
1747025269913 17.0 0
1747025269918 4.0 0
1747025269919 29.0 0
1747025269920 69.0 0
1747025269921 84.0 0
1747025269921 18.0 0
1747025269923 2.0 0
1747025269924 57.0 0
1747025269924 32.0 0
1747025269925 70.0 0
1747025269927 17.0 0
1747025269930 78.0 0
1747025269934 1.0 0
1747025269936 80.0 0
1747025269940 87.0 0
1747025269942 62.0 0
1747025269943 69.0 0
1747025269943 61.0 0
1747025269944 22.0 0
1747025269945 79.0 0
1747025269947 48.0 0
1747025269948 6.0 0
1747025269949 88.0 0
1747025269951 1.0 0
1747025269952 21.0 0
1747025269957 41.0 0
1747025269960 54.0 0
1747025269960 34.0 0
1747025269962 60.0 0
1747025269963 55.0 0
1747025269963 79.0 0
1747025269964 53.0 0
1747025269965 83.0 0
1747025269968 59.0 0
1747025269968 55.0 0
1747025269969 24.0 0
1747025269972 51.0 0
1747025269974 64.0 0
1747025269977 91.0 0
1747025269978 89.0 0
1747025269979 64.0 0
1747025269982 38.0 0
1747025269983 65.0 0
1747025269985 58.0 0
1747025269987 58.0 0
1747025269989 77.0 0
1747025269989 95.0 0
1747025269990 4.0 0
1747025269993 37.0 0
1747025269994 75.0 0
1747025269996 6.0 0
1747025269998 8.0 0
1747025269999 52.0 0
1747025270001 90.0 0
1747025270007 63.0 0
1747025270008 16.0 0
1747025270009 7.0 0
1747025270009 52.0 0
1747025270012 48.0 0
1747025270014 34.0 0
1747025270017 94.0 0
1747025270018 11.0 0
1747025270022 96.0 0
1747025270024 40.0 0
1747025270025 42.0 0
1747025270027 11.0 0
1747025270030 41.0 0
1747025270032 89.0 0
1747025270033 70.0 0
1747025270040 11.0 0
1747025270042 10.0 0
1747025270045 74.0 0
1747025270045 15.0 0
1747025270046 88.0 0
1747025270048 56.0 0
1747025270051 3.0 0
1747025270052 47.0 0
1747025270056 22.0 0
1747025270058 73.0 0
1747025270059 20.0 0
1747025270060 35.0 0
1747025270061 30.0 0
1747025270064 60.0 0
1747025270067 51.0 0
1747025270068 5.0 0
1747025270069 98.0 0
1747025270070 57.0 0
1747025270072 52.0 0
1747025270072 60.0 0
1747025270076 59.0 0
1747025270078 88.0 0
1747025270084 98.0 0
1747025270084 2.0 0
1747025270091 85.0 0
1747025270094 99.0 0
1747025270094 7.0 0
1747025270095 89.0 0
1747025270097 74.0 0
1747025270098 43.0 0
1747025270099 70.0 0
1747025270101 31.0 0
1747025270103 40.0 0
1747025270106 55.0 0
1747025270109 31.0 0
1747025270112 84.0 0
1747025270113 87.0 0
1747025270118 4.0 0
1747025270120 9.0 0
1747025270121 58.0 0
1747025270121 38.0 0
1747025270122 71.0 0
1747025270126 89.0 0
1747025270127 6.0 0
1747025270129 29.0 0
1747025270132 53.0 0
1747025270133 22.0 0
1747025270135 98.0 0
1747025270141 94.0 0
1747025270143 59.0 0
1747025270144 13.0 0
1747025270145 41.0 0
1747025270146 25.0 0
1747025270150 48.0 0
1747025270153 99.0 0
1747025270156 94.0 0
1747025270157 95.0 0
1747025270160 67.0 0
1747025270161 86.0 0
1747025270162 87.0 0
1747025270163 3.0 0
1747025270164 34.0 0
1747025270165 96.0 0
1747025270166 56.0 0
1747025270168 23.0 0
1747025270169 59.0 0
1747025270171 81.0 0
1747025270173 62.0 0
1747025270174 40.0 0
1747025270174 61.0 0
1747025270177 84.0 0
1747025270179 80.0 0
1747025270184 93.0 0
1747025270185 90.0 0
1747025270187 29.0 0
1747025270190 47.0 0
1747025270192 99.0 0
1747025270195 19.0 0
1747025270196 21.0 0
1747025270196 2.0 0
1747025270201 23.0 0
1747025270202 83.0 0
1747025270203 95.0 0
1747025270205 21.0 0
1747025270207 37.0 0
1747025270208 58.0 0
1747025270209 40.0 0
1747025270213 97.0 0
1747025270214 74.0 0
1747025270217 84.0 0
1747025270217 48.0 0
1747025270219 31.0 0
1747025270222 17.0 0
1747025270222 91.0 0
1747025270223 14.0 0
1747025270223 14.0 0
1747025270224 98.0 0
1747025270225 50.0 0
1747025270226 52.0 0
1747025270227 9.0 0
1747025270228 96.0 0
1747025270233 86.0 0
1747025270234 42.0 0
1747025270235 19.0 0
1747025270240 29.0 0
1747025270241 96.0 0
1747025270242 5.0 0
1747025270244 65.0 0
1747025270244 70.0 0
1747025270245 87.0 0
1747025270246 84.0 0
1747025270247 1.0 0
1747025270249 90.0 0
1747025270251 29.0 0
1747025270253 28.0 0
1747025270254 75.0 0
1747025270256 48.0 0
1747025270258 50.0 0
1747025270259 25.0 0
1747025270261 33.0 0
1747025270262 86.0 0
1747025270263 69.0 0
1747025270264 96.0 0
1747025270264 49.0 0
1747025270267 21.0 0
1747025270268 80.0 0
1747025270269 17.0 0
1747025270270 30.0 0
1747025270271 78.0 0
1747025270272 66.0 0
1747025270273 36.0 0
1747025270275 43.0 0
1747025270276 61.0 0
1747025270277 91.0 0
1747025270280 31.0 0
1747025270284 10.0 0
1747025270285 1.0 0
1747025270286 42.0 0
1747025270286 46.0 0
1747025270289 76.0 0
1747025270290 44.0 0
1747025270292 90.0 0
1747025270296 74.0 0
1747025270301 19.0 0
1747025270302 43.0 0
1747025270304 82.0 0
1747025270306 97.0 0
1747025270309 59.0 0
1747025270310 30.0 0
1747025270312 44.0 0
1747025270313 98.0 0
1747025270316 33.0 0
1747025270318 70.0 0
1747025270319 84.0 0
1747025270320 0.0 0
1747025270322 43.0 0
1747025270325 46.0 0
1747025270328 1.0 0
1747025270329 2.0 0
1747025270331 53.0 0
1747025270333 43.0 0
1747025270335 28.0 0
1747025270339 68.0 0
1747025270340 72.0 0
1747025270344 35.0 0
1747025270345 49.0 0
1747025270347 64.0 0
1747025270351 62.0 0
1747025270355 89.0 0
1747025270356 43.0 0
1747025270358 83.0 0
1747025270360 66.0 0
1747025270362 53.0 0
1747025270365 11.0 0
1747025270367 50.0 0
1747025270369 28.0 0
1747025270370 8.0 0
1747025270372 83.0 0
1747025270375 70.0 0
1747025270377 33.0 0
1747025270382 88.0 0
1747025270384 79.0 0
1747025270385 71.0 0
1747025270388 16.0 0
1747025270388 29.0 0
