1747025267841 7.0 0
1747025267844 17.0 0
1747025267845 61.0 0
1747025267848 75.0 0
1747025267849 13.0 0
1747025267850 72.0 0
1747025267854 53.0 0
1747025267858 46.0 0
1747025267859 21.0 0
1747025267860 22.0 0
1747025267864 39.0 0
1747025267869 62.0 0
1747025267873 58.0 0
1747025267873 96.0 0
1747025267875 30.0 0
1747025267875 33.0 0
1747025267876 36.0 0
1747025267877 9.0 0
1747025267879 83.0 0
1747025267880 65.0 0
1747025267881 63.0 0
1747025267882 42.0 0
1747025267887 48.0 0
1747025267889 50.0 0
1747025267890 70.0 0
1747025267893 1.0 0
1747025267895 12.0 0
1747025267896 91.0 0
1747025267897 38.0 0
1747025267900 6.0 0
1747025267901 27.0 0
1747025267907 9.0 0
1747025267908 78.0 0
1747025267912 35.0 0
1747025267912 62.0 0
1747025267913 91.0 0
1747025267915 89.0 0
1747025267917 1.0 0
1747025267922 23.0 0
1747025267922 3.0 0
1747025267924 29.0 0
1747025267925 5.0 0
1747025267928 69.0 0
1747025267930 12.0 0
1747025267932 70.0 0
1747025267933 76.0 0
1747025267938 17.0 0
1747025267942 0.0 0
1747025267944 50.0 0
1747025267945 49.0 0
1747025267946 55.0 0
1747025267950 41.0 0
1747025267951 53.0 0
1747025267952 4.0 0
1747025267955 35.0 0
1747025267956 90.0 0
1747025267958 52.0 0
1747025267958 94.0 0
1747025267963 68.0 0
1747025267965 4.0 0
1747025267969 58.0 0
1747025267970 74.0 0
1747025267972 66.0 0
1747025267973 86.0 0
1747025267976 5.0 0
1747025267978 25.0 0
1747025267978 78.0 0
1747025267980 12.0 0
1747025267985 12.0 0
1747025267987 45.0 0
1747025267988 71.0 0
1747025267989 29.0 0
1747025267991 0.0 0
1747025267997 96.0 0
1747025267999 76.0 0
1747025268000 17.0 0
1747025268001 40.0 0
1747025268002 34.0 0
1747025268005 20.0 0
1747025268006 60.0 0
1747025268007 7.0 0
1747025268008 20.0 0
1747025268009 50.0 0
1747025268011 66.0 0
1747025268012 96.0 0
1747025268016 88.0 0
1747025268019 47.0 0
1747025268019 47.0 0
1747025268022 66.0 0
1747025268024 88.0 0
1747025268027 4.0 0
1747025268030 55.0 0
1747025268031 98.0 0
1747025268032 90.0 0
1747025268041 49.0 0
1747025268044 88.0 0
1747025268051 34.0 0
1747025268052 99.0 0
1747025268053 94.0 0
1747025268054 80.0 0
1747025268056 55.0 0
1747025268058 69.0 0
1747025268058 40.0 0
1747025268061 70.0 0
1747025268063 24.0 0
1747025268064 10.0 0
1747025268066 20.0 0
1747025268066 56.0 0
1747025268068 50.0 0
1747025268069 91.0 0
1747025268071 24.0 0
1747025268073 23.0 0
1747025268075 87.0 0
1747025268076 84.0 0
1747025268077 1.0 0
1747025268081 56.0 0
1747025268082 97.0 0
1747025268083 73.0 0
1747025268085 19.0 0
1747025268085 84.0 0
1747025268087 61.0 0
1747025268087 59.0 0
1747025268088 91.0 0
1747025268089 44.0 0
1747025268090 36.0 0
1747025268094 24.0 0
1747025268096 43.0 0
1747025268098 37.0 0
1747025268099 82.0 0
1747025268099 59.0 0
1747025268101 15.0 0
1747025268102 76.0 0
1747025268104 10.0 0
1747025268106 39.0 0
1747025268110 65.0 0
1747025268112 72.0 0
1747025268113 27.0 0
1747025268115 31.0 0
1747025268118 37.0 0
1747025268120 84.0 0
1747025268120 70.0 0
1747025268122 41.0 0
1747025268123 27.0 0
1747025268124 29.0 0
1747025268131 44.0 0
1747025268133 45.0 0
1747025268133 14.0 0
1747025268135 26.0 0
1747025268136 34.0 0
1747025268138 68.0 0
1747025268139 45.0 0
1747025268141 23.0 0
1747025268144 72.0 0
1747025268145 45.0 0
1747025268146 20.0 0
1747025268151 48.0 0
1747025268152 37.0 0
1747025268153 4.0 0
1747025268156 8.0 0
1747025268159 45.0 0
1747025268161 9.0 0
1747025268163 16.0 0
1747025268164 67.0 0
1747025268170 95.0 0
1747025268171 30.0 0
1747025268175 15.0 0
1747025268178 37.0 0
1747025268178 53.0 0
1747025268179 88.0 0
1747025268180 11.0 0
1747025268181 29.0 0
1747025268184 85.0 0
1747025268185 36.0 0
1747025268186 87.0 0
1747025268190 60.0 0
1747025268194 32.0 0
1747025268194 50.0 0
1747025268195 70.0 0
1747025268197 82.0 0
1747025268200 75.0 0
1747025268205 67.0 0
1747025268206 66.0 0
1747025268207 31.0 0
1747025268208 24.0 0
1747025268208 24.0 0
1747025268210 32.0 0
1747025268211 76.0 0
1747025268213 16.0 0
1747025268216 48.0 0
1747025268217 71.0 0
1747025268219 87.0 0
1747025268221 85.0 0
1747025268221 70.0 0
1747025268224 81.0 0
1747025268225 38.0 0
1747025268227 90.0 0
1747025268232 53.0 0
1747025268233 31.0 0
1747025268235 4.0 0
1747025268235 41.0 0
1747025268238 92.0 0
1747025268240 62.0 0
1747025268241 12.0 0
1747025268243 42.0 0
1747025268244 89.0 0
1747025268247 21.0 0
1747025268248 66.0 0
1747025268249 78.0 0
1747025268249 70.0 0
1747025268250 57.0 0
1747025268252 39.0 0
1747025268255 63.0 0
1747025268256 40.0 0
1747025268259 80.0 0
1747025268260 39.0 0
1747025268262 99.0 0
1747025268263 64.0 0
1747025268265 72.0 0
1747025268268 23.0 0
1747025268268 69.0 0
1747025268270 35.0 0
1747025268271 31.0 0
1747025268272 25.0 0
1747025268274 25.0 0
1747025268278 9.0 0
1747025268282 80.0 0
1747025268286 62.0 0
1747025268287 62.0 0
1747025268288 91.0 0
1747025268291 86.0 0
1747025268291 13.0 0
1747025268292 84.0 0
1747025268296 63.0 0
1747025268297 88.0 0
1747025268298 12.0 0
1747025268301 46.0 0
1747025268302 27.0 0
1747025268304 8.0 0
1747025268306 66.0 0
1747025268308 47.0 0
1747025268309 34.0 0
1747025268312 12.0 0
1747025268317 91.0 0
1747025268318 68.0 0
1747025268319 49.0 0
1747025268322 10.0 0
1747025268326 70.0 0
1747025268326 32.0 0
1747025268329 71.0 0
1747025268332 21.0 0
1747025268334 31.0 0
1747025268336 31.0 0
1747025268337 76.0 0
1747025268338 14.0 0
1747025268342 94.0 0
1747025268344 80.0 0
1747025268346 4.0 0
1747025268346 72.0 0
1747025268348 98.0 0
1747025268349 65.0 0
1747025268351 90.0 0
1747025268353 54.0 0
1747025268354 25.0 0
1747025268355 23.0 0
1747025268361 23.0 0
1747025268362 49.0 0
1747025268364 57.0 0
1747025268367 79.0 0
1747025268368 5.0 0
1747025268368 89.0 0
1747025268371 43.0 0
1747025268374 42.0 0
1747025268374 56.0 0
1747025268376 3.0 0
1747025268377 70.0 0
1747025268380 19.0 0
1747025268380 67.0 0
1747025268381 25.0 0
1747025268382 96.0 0
1747025268383 49.0 0
1747025268385 95.0 0
1747025268386 16.0 0
1747025268387 84.0 0
1747025268388 32.0 0
1747025268388 83.0 0
1747025268389 1.0 0
1747025268391 73.0 0
1747025268392 61.0 0
1747025268393 9.0 0
1747025268395 75.0 0
1747025268395 67.0 0
1747025268396 16.0 0
1747025268399 13.0 0
1747025268403 32.0 0
1747025268405 38.0 0
1747025268406 19.0 0
1747025268406 33.0 0
1747025268407 92.0 0
1747025268408 40.0 0
1747025268409 0.0 0
1747025268410 9.0 0
1747025268412 5.0 0
1747025268412 87.0 0
1747025268413 70.0 0
1747025268415 66.0 0
1747025268417 47.0 0
1747025268418 37.0 0
1747025268421 59.0 0
1747025268422 68.0 0
1747025268428 87.0 0
1747025268430 55.0 0
1747025268430 6.0 0
1747025268432 91.0 0
1747025268434 91.0 0
1747025268434 29.0 0
1747025268435 96.0 0
1747025268437 45.0 0
1747025268438 38.0 0
1747025268438 3.0 0
1747025268442 26.0 0
1747025268443 62.0 0
1747025268443 66.0 0
1747025268445 48.0 0
1747025268445 76.0 0
1747025268446 72.0 0
1747025268448 66.0 0
1747025268450 10.0 0
1747025268451 94.0 0
1747025268454 85.0 0
1747025268457 1.0 0
1747025268459 93.0 0
1747025268461 21.0 0
1747025268462 36.0 0
1747025268463 11.0 0
1747025268464 28.0 0
1747025268467 81.0 0
1747025268468 32.0 0
1747025268470 80.0 0
1747025268471 77.0 0
1747025268473 38.0 0
1747025268476 74.0 0
1747025268478 74.0 0
1747025268478 80.0 0
1747025268479 41.0 0
1747025268481 27.0 0
1747025268482 7.0 0
1747025268485 88.0 0
1747025268485 88.0 0
1747025268486 81.0 0
1747025268487 28.0 0
1747025268488 57.0 0
1747025268489 40.0 0
1747025268492 48.0 0
1747025268493 20.0 0
1747025268493 61.0 0
1747025268494 3.0 0
1747025268496 45.0 0
1747025268502 21.0 0
1747025268504 54.0 0
1747025268504 15.0 0
1747025268506 81.0 0
1747025268513 23.0 0
1747025268514 0.0 0
1747025268515 29.0 0
1747025268515 29.0 0
1747025268517 70.0 0
1747025268518 48.0 0
1747025268518 44.0 0
1747025268519 58.0 0
1747025268521 38.0 0
1747025268523 90.0 0
1747025268524 47.0 0
1747025268525 73.0 0
1747025268528 70.0 0
1747025268531 54.0 0
1747025268532 33.0 0
1747025268536 6.0 0
1747025268538 1.0 0
1747025268541 98.0 0
1747025268542 50.0 0
1747025268542 74.0 0
1747025268544 65.0 0
1747025268547 56.0 0
1747025268550 6.0 0
1747025268552 53.0 0
1747025268553 71.0 0
1747025268554 55.0 0
1747025268559 98.0 0
1747025268563 29.0 0
1747025268565 1.0 0
1747025268566 40.0 0
1747025268569 62.0 0
1747025268571 4.0 0
1747025268572 14.0 0
1747025268574 60.0 0
1747025268580 41.0 0
1747025268581 82.0 0
1747025268583 20.0 0
1747025268587 55.0 0
1747025268589 91.0 0
1747025268590 74.0 0
1747025268590 67.0 0
1747025268591 69.0 0
1747025268593 24.0 0
1747025268603 81.0 0
1747025268604 37.0 0
1747025268605 68.0 0
1747025268607 0.0 0
1747025268607 4.0 0
1747025268610 14.0 0
1747025268613 28.0 0
1747025268616 37.0 0
1747025268618 46.0 0
1747025268619 22.0 0
1747025268620 30.0 0
1747025268620 55.0 0
1747025268622 1.0 0
1747025268630 78.0 0
1747025268632 55.0 0
1747025268634 61.0 0
1747025268637 27.0 0
1747025268638 67.0 0
1747025268641 19.0 0
1747025268642 87.0 0
1747025268645 79.0 0
1747025268648 85.0 0
1747025268649 88.0 0
1747025268653 6.0 0
1747025268654 80.0 0
1747025268655 99.0 0
1747025268656 38.0 0
1747025268657 80.0 0
1747025268659 26.0 0
1747025268661 51.0 0
1747025268662 18.0 0
1747025268663 74.0 0
1747025268663 75.0 0
1747025268666 56.0 0
1747025268668 87.0 0
1747025268673 23.0 0
1747025268676 12.0 0
1747025268677 92.0 0
1747025268678 24.0 0
1747025268681 16.0 0
1747025268684 43.0 0
1747025268685 6.0 0
1747025268686 38.0 0
1747025268691 43.0 0
1747025268695 36.0 0
1747025268697 85.0 0
1747025268701 22.0 0
1747025268705 14.0 0
1747025268706 84.0 0
1747025268707 68.0 0
1747025268708 80.0 0
1747025268710 92.0 0
1747025268712 1.0 0
1747025268712 55.0 0
1747025268713 74.0 0
1747025268717 72.0 0
1747025268720 98.0 0
1747025268722 89.0 0
1747025268722 85.0 0
1747025268723 87.0 0
1747025268723 99.0 0
1747025268725 62.0 0
1747025268728 18.0 0
1747025268728 83.0 0
1747025268729 37.0 0
1747025268730 60.0 0
1747025268732 23.0 0
1747025268733 80.0 0
1747025268739 96.0 0
1747025268742 91.0 0
1747025268743 14.0 0
1747025268745 83.0 0
1747025268746 55.0 0
1747025268747 85.0 0
1747025268749 81.0 0
1747025268750 44.0 0
1747025268752 46.0 0
1747025268753 10.0 0
1747025268753 58.0 0
1747025268755 84.0 0
1747025268759 38.0 0
1747025268763 69.0 0
1747025268765 49.0 0
1747025268765 10.0 0
1747025268767 14.0 0
1747025268767 22.0 0
1747025268769 84.0 0
1747025268770 56.0 0
1747025268773 1.0 0
1747025268774 17.0 0
1747025268774 30.0 0
1747025268776 36.0 0
1747025268779 78.0 0
1747025268780 97.0 0
1747025268781 69.0 0
1747025268784 87.0 0
1747025268786 58.0 0
1747025268789 48.0 0
1747025268792 84.0 0
1747025268793 16.0 0
1747025268794 56.0 0
1747025268802 50.0 0
1747025268805 68.0 0
1747025268805 74.0 0
1747025268806 2.0 0
1747025268806 64.0 0
1747025268807 56.0 0
1747025268811 81.0 0
1747025268815 39.0 0
1747025268816 23.0 0
1747025268816 64.0 0
1747025268820 76.0 0
1747025268821 65.0 0
1747025268822 15.0 0
1747025268823 64.0 0
1747025268825 22.0 0
1747025268827 72.0 0
1747025268831 60.0 0
1747025268833 16.0 0
1747025268833 83.0 0
1747025268838 52.0 0
1747025268839 10.0 0
1747025268843 18.0 0
1747025268845 85.0 0
1747025268850 51.0 0
1747025268850 0.0 0
1747025268851 95.0 0
1747025268853 0.0 0
1747025268854 92.0 0
1747025268859 80.0 0
1747025268860 40.0 0
1747025268862 47.0 0
1747025268864 43.0 0
1747025268865 7.0 0
1747025268866 10.0 0
1747025268869 59.0 0
1747025268872 44.0 0
1747025268873 30.0 0
1747025268877 83.0 0
1747025268882 8.0 0
1747025268884 25.0 0
1747025268884 83.0 0
1747025268885 13.0 0
1747025268886 62.0 0
1747025268888 77.0 0
1747025268890 56.0 0
1747025268891 18.0 0
1747025268893 84.0 0
1747025268898 53.0 0
1747025268898 7.0 0
1747025268899 78.0 0
1747025268901 47.0 0
1747025268905 20.0 0
1747025268907 95.0 0
1747025268908 31.0 0
1747025268909 6.0 0
1747025268914 87.0 0
1747025268916 96.0 0
1747025268917 34.0 0
1747025268918 54.0 0
1747025268919 71.0 0
1747025268921 70.0 0
1747025268922 45.0 0
1747025268923 59.0 0
1747025268926 62.0 0
1747025268927 17.0 0
1747025268928 62.0 0
1747025268929 2.0 0
1747025268930 11.0 0
1747025268934 0.0 0
1747025268936 69.0 0
1747025268938 81.0 0
1747025268939 18.0 0
1747025268942 25.0 0
1747025268943 48.0 0
1747025268945 7.0 0
1747025268948 58.0 0
1747025268949 11.0 0
1747025268949 7.0 0
1747025268951 34.0 0
1747025268952 71.0 0
1747025268953 56.0 0
1747025268954 95.0 0
1747025268955 62.0 0
1747025268955 57.0 0
1747025268958 76.0 0
1747025268963 18.0 0
1747025268968 24.0 0
1747025268968 35.0 0
1747025268972 21.0 0
1747025268977 66.0 0
1747025268979 37.0 0
1747025268980 81.0 0
1747025268988 73.0 0
1747025268989 87.0 0
1747025268991 49.0 0
1747025268993 21.0 0
1747025268995 52.0 0
1747025268996 34.0 0
1747025268999 76.0 0
1747025268999 14.0 0
1747025269004 24.0 0
1747025269004 68.0 0
1747025269006 13.0 0
1747025269007 76.0 0
1747025269010 71.0 0
1747025269012 37.0 0
1747025269012 99.0 0
1747025269016 55.0 0
1747025269022 5.0 0
1747025269024 0.0 0
1747025269027 5.0 0
1747025269028 51.0 0
1747025269036 34.0 0
1747025269037 48.0 0
1747025269039 10.0 0
1747025269039 26.0 0
1747025269040 42.0 0
1747025269041 49.0 0
1747025269047 37.0 0
1747025269048 73.0 0
1747025269049 53.0 0
1747025269050 36.0 0
1747025269051 7.0 0
1747025269051 51.0 0
1747025269053 99.0 0
1747025269054 33.0 0
1747025269056 53.0 0
1747025269057 57.0 0
1747025269060 56.0 0
1747025269061 90.0 0
1747025269061 85.0 0
1747025269062 42.0 0
1747025269062 7.0 0
1747025269063 92.0 0
1747025269066 13.0 0
1747025269067 95.0 0
1747025269067 82.0 0
1747025269071 25.0 0
1747025269072 81.0 0
1747025269074 71.0 0
1747025269076 59.0 0
1747025269077 52.0 0
1747025269081 58.0 0
1747025269082 63.0 0
1747025269084 92.0 0
1747025269087 6.0 0
1747025269090 24.0 0
1747025269091 1.0 0
1747025269092 45.0 0
1747025269093 11.0 0
1747025269095 70.0 0
1747025269096 95.0 0
1747025269097 72.0 0
1747025269101 50.0 0
1747025269103 21.0 0
1747025269106 93.0 0
1747025269107 31.0 0
1747025269110 4.0 0
1747025269111 46.0 0
1747025269113 25.0 0
1747025269115 23.0 0
1747025269117 21.0 0
1747025269118 11.0 0
1747025269120 68.0 0
1747025269136 40.0 0
1747025269137 85.0 0
1747025269138 79.0 0
1747025269139 26.0 0
1747025269140 24.0 0
1747025269141 60.0 0
1747025269145 58.0 0
1747025269146 57.0 0
1747025269147 83.0 0
1747025269147 76.0 0
1747025269151 52.0 0
1747025269153 29.0 0
1747025269155 22.0 0
1747025269156 31.0 0
1747025269159 78.0 0
1747025269160 59.0 0
1747025269166 16.0 0
1747025269167 79.0 0
1747025269168 42.0 0
1747025269170 64.0 0
1747025269171 93.0 0
1747025269172 35.0 0
1747025269174 74.0 0
1747025269175 9.0 0
1747025269176 75.0 0
1747025269177 10.0 0
1747025269178 14.0 0
1747025269179 52.0 0
1747025269181 9.0 0
1747025269182 4.0 0
1747025269183 77.0 0
1747025269184 43.0 0
1747025269185 34.0 0
1747025269187 20.0 0
1747025269188 5.0 0
1747025269189 69.0 0
1747025269191 49.0 0
1747025269193 80.0 0
1747025269197 70.0 0
1747025269200 75.0 0
1747025269204 65.0 0
1747025269205 47.0 0
1747025269206 80.0 0
1747025269207 0.0 0
1747025269208 21.0 0
1747025269211 58.0 0
1747025269213 82.0 0
1747025269217 10.0 0
1747025269217 92.0 0
1747025269220 74.0 0
1747025269223 30.0 0
1747025269228 74.0 0
1747025269230 45.0 0
1747025269234 82.0 0
1747025269238 71.0 0
1747025269242 83.0 0
1747025269242 22.0 0
1747025269243 24.0 0
1747025269245 47.0 0
1747025269246 41.0 0
1747025269247 2.0 0
1747025269251 51.0 0
1747025269251 64.0 0
1747025269253 79.0 0
1747025269259 82.0 0
1747025269261 13.0 0
1747025269262 44.0 0
1747025269263 66.0 0
1747025269264 95.0 0
1747025269266 58.0 0
1747025269268 54.0 0
1747025269270 68.0 0
1747025269272 98.0 0
1747025269274 51.0 0
1747025269277 58.0 0
1747025269280 81.0 0
1747025269281 46.0 0
1747025269282 11.0 0
1747025269286 55.0 0
1747025269287 99.0 0
1747025269288 26.0 0
1747025269289 38.0 0
1747025269292 31.0 0
1747025269293 51.0 0
1747025269296 30.0 0
1747025269302 1.0 0
1747025269303 64.0 0
1747025269304 84.0 0
1747025269305 76.0 0
1747025269307 39.0 0
1747025269308 48.0 0
1747025269309 12.0 0
1747025269310 47.0 0
1747025269312 78.0 0
1747025269313 37.0 0
1747025269314 81.0 0
1747025269315 14.0 0
1747025269317 96.0 0
1747025269321 52.0 0
1747025269322 33.0 0
1747025269324 60.0 0
1747025269327 47.0 0
1747025269331 49.0 0
1747025269332 11.0 0
1747025269332 90.0 0
1747025269335 60.0 0
1747025269339 2.0 0
1747025269340 57.0 0
1747025269342 16.0 0
1747025269343 31.0 0
1747025269349 37.0 0
1747025269354 64.0 0
1747025269356 66.0 0
1747025269357 11.0 0
1747025269359 66.0 0
1747025269360 87.0 0
1747025269360 61.0 0
1747025269360 92.0 0
1747025269363 20.0 0
1747025269364 33.0 0
1747025269371 64.0 0
1747025269380 44.0 0
1747025269381 67.0 0
1747025269385 34.0 0
1747025269387 64.0 0
1747025269387 95.0 0
1747025269388 51.0 0
1747025269388 84.0 0
1747025269390 60.0 0
1747025269390 10.0 0
1747025269394 74.0 0
1747025269396 28.0 0
1747025269396 43.0 0
1747025269397 7.0 0
1747025269398 37.0 0
1747025269404 6.0 0
1747025269407 56.0 0
1747025269409 44.0 0
1747025269414 41.0 0
1747025269414 75.0 0
1747025269415 75.0 0
1747025269416 12.0 0
1747025269426 80.0 0
1747025269428 45.0 0
1747025269430 86.0 0
1747025269430 55.0 0
1747025269432 22.0 0
1747025269434 38.0 0
1747025269436 78.0 0
1747025269437 5.0 0
1747025269442 14.0 0
1747025269443 13.0 0
1747025269444 80.0 0
1747025269453 13.0 0
1747025269455 52.0 0
1747025269457 73.0 0
1747025269459 69.0 0
1747025269460 90.0 0
1747025269461 12.0 0
1747025269462 40.0 0
1747025269464 94.0 0
1747025269465 23.0 0
1747025269466 44.0 0
1747025269467 6.0 0
1747025269469 69.0 0
1747025269469 30.0 0
1747025269472 10.0 0
1747025269474 74.0 0
1747025269481 37.0 0
1747025269482 63.0 0
1747025269484 91.0 0
1747025269487 17.0 0
1747025269488 27.0 0
1747025269490 83.0 0
1747025269491 15.0 0
1747025269493 23.0 0
1747025269495 99.0 0
1747025269495 70.0 0
1747025269500 92.0 0
1747025269504 32.0 0
1747025269505 4.0 0
1747025269506 62.0 0
1747025269506 17.0 0
1747025269508 32.0 0
1747025269510 5.0 0
1747025269519 78.0 0
1747025269521 96.0 0
1747025269525 66.0 0
1747025269525 50.0 0
1747025269527 54.0 0
1747025269534 11.0 0
1747025269534 0.0 0
1747025269535 37.0 0
1747025269536 57.0 0
1747025269537 0.0 0
1747025269538 50.0 0
1747025269541 97.0 0
1747025269541 33.0 0
1747025269543 57.0 0
1747025269544 80.0 0
1747025269544 15.0 0
1747025269547 78.0 0
1747025269551 33.0 0
1747025269552 65.0 0
1747025269557 98.0 0
1747025269557 28.0 0
1747025269559 72.0 0
1747025269560 53.0 0
1747025269560 93.0 0
1747025269561 6.0 0
1747025269562 27.0 0
1747025269564 49.0 0
1747025269569 3.0 0
1747025269570 45.0 0
1747025269571 58.0 0
1747025269572 92.0 0
1747025269576 31.0 0
1747025269578 96.0 0
1747025269579 64.0 0
1747025269581 32.0 0
1747025269585 25.0 0
1747025269587 60.0 0
1747025269588 48.0 0
1747025269589 52.0 0
1747025269590 83.0 0
1747025269590 58.0 0
1747025269592 37.0 0
1747025269594 90.0 0
1747025269596 15.0 0
1747025269597 15.0 0
1747025269597 12.0 0
1747025269599 21.0 0
1747025269600 92.0 0
1747025269603 92.0 0
1747025269604 64.0 0
1747025269605 30.0 0
1747025269607 56.0 0
1747025269607 86.0 0
1747025269609 40.0 0
1747025269610 77.0 0
1747025269611 97.0 0
1747025269613 58.0 0
1747025269614 28.0 0
1747025269615 14.0 0
1747025269617 73.0 0
1747025269620 44.0 0
1747025269620 44.0 0
1747025269623 33.0 0
1747025269623 60.0 0
1747025269626 60.0 0
1747025269626 22.0 0
1747025269627 20.0 0
1747025269628 11.0 0
1747025269630 63.0 0
1747025269631 63.0 0
1747025269632 37.0 0
1747025269634 68.0 0
1747025269635 50.0 0
1747025269636 44.0 0
1747025269636 10.0 0
1747025269637 2.0 0
1747025269638 22.0 0
1747025269639 60.0 0
1747025269640 95.0 0
1747025269642 19.0 0
1747025269645 45.0 0
1747025269646 87.0 0
1747025269648 74.0 0
1747025269649 17.0 0
1747025269649 63.0 0
1747025269651 32.0 0
1747025269651 0.0 0
1747025269652 24.0 0
1747025269655 20.0 0
1747025269656 82.0 0
1747025269657 45.0 0
1747025269659 30.0 0
1747025269662 23.0 0
1747025269662 61.0 0
1747025269663 8.0 0
1747025269664 22.0 0
1747025269665 22.0 0
1747025269666 83.0 0
1747025269668 27.0 0
1747025269669 71.0 0
1747025269671 18.0 0
1747025269672 95.0 0
1747025269673 83.0 0
1747025269674 41.0 0
1747025269675 0.0 0
1747025269676 13.0 0
1747025269677 91.0 0
1747025269679 1.0 0
1747025269682 47.0 0
1747025269684 5.0 0
1747025269687 16.0 0
1747025269691 82.0 0
1747025269694 95.0 0
1747025269696 53.0 0
1747025269698 49.0 0
1747025269701 5.0 0
1747025269702 35.0 0
1747025269702 53.0 0
1747025269703 4.0 0
1747025269704 5.0 0
1747025269706 25.0 0
1747025269710 89.0 0
1747025269711 2.0 0
1747025269713 65.0 0
1747025269714 86.0 0
1747025269716 33.0 0
1747025269717 93.0 0
1747025269718 0.0 0
1747025269721 90.0 0
1747025269722 85.0 0
1747025269722 85.0 0
1747025269724 19.0 0
1747025269725 70.0 0
1747025269727 71.0 0
1747025269729 92.0 0
1747025269729 61.0 0
1747025269730 48.0 0
1747025269732 47.0 0
1747025269733 86.0 0
1747025269736 96.0 0
1747025269738 93.0 0
1747025269738 80.0 0
1747025269739 36.0 0
1747025269740 14.0 0
1747025269744 99.0 0
1747025269745 45.0 0
1747025269745 72.0 0
1747025269746 16.0 0
1747025269747 71.0 0
1747025269749 62.0 0
1747025269750 14.0 0
1747025269751 7.0 0
1747025269753 51.0 0
1747025269756 13.0 0
1747025269757 57.0 0
1747025269758 79.0 0
1747025269759 61.0 0
1747025269761 97.0 0
1747025269761 77.0 0
1747025269764 43.0 0
1747025269764 18.0 0
1747025269765 20.0 0
1747025269766 18.0 0
1747025269769 24.0 0
1747025269771 99.0 0
1747025269773 25.0 0
1747025269774 81.0 0
1747025269776 52.0 0
1747025269777 90.0 0
1747025269778 98.0 0
1747025269780 4.0 0
1747025269781 4.0 0
1747025269783 69.0 0
1747025269784 37.0 0
1747025269786 58.0 0
1747025269789 66.0 0
1747025269789 85.0 0
1747025269791 28.0 0
1747025269791 15.0 0
1747025269796 20.0 0
1747025269798 94.0 0
1747025269799 57.0 0
1747025269802 66.0 0
1747025269803 26.0 0
1747025269806 94.0 0
1747025269808 37.0 0
1747025269811 26.0 0
1747025269812 42.0 0
1747025269814 84.0 0
1747025269815 27.0 0
1747025269816 44.0 0
1747025269819 10.0 0
1747025269820 78.0 0
1747025269823 14.0 0
1747025269825 97.0 0
1747025269828 56.0 0
1747025269829 10.0 0
1747025269832 15.0 0
1747025269833 58.0 0
1747025269834 65.0 0
1747025269835 62.0 0
1747025269837 88.0 0
1747025269848 55.0 0
1747025269850 27.0 0
1747025269851 6.0 0
1747025269851 51.0 0
1747025269854 64.0 0
1747025269855 71.0 0
1747025269856 82.0 0
1747025269859 90.0 0
1747025269861 53.0 0
1747025269862 5.0 0
1747025269862 2.0 0
1747025269863 23.0 0
1747025269864 69.0 0
1747025269864 80.0 0
1747025269866 10.0 0
1747025269867 40.0 0
1747025269871 8.0 0
1747025269872 72.0 0
1747025269873 29.0 0
1747025269874 33.0 0
1747025269875 53.0 0
1747025269875 6.0 0
1747025269878 74.0 0
1747025269879 76.0 0
1747025269880 25.0 0
1747025269882 22.0 0
1747025269884 23.0 0
1747025269886 64.0 0
1747025269890 92.0 0
1747025269894 49.0 0
1747025269894 84.0 0
1747025269895 71.0 0
1747025269899 14.0 0
1747025269901 34.0 0
1747025269903 24.0 0
1747025269906 65.0 0
1747025269906 17.0 0
1747025269909 79.0 0
1747025269910 87.0 0
1747025269911 36.0 0
1747025269915 72.0 0
1747025269916 67.0 0
1747025269917 59.0 0
1747025269922 87.0 0
1747025269926 4.0 0
1747025269927 27.0 0
1747025269928 46.0 0
1747025269931 52.0 0
1747025269932 72.0 0
1747025269932 42.0 0
1747025269933 96.0 0
1747025269935 35.0 0
1747025269935 82.0 0
1747025269937 90.0 0
1747025269938 4.0 0
1747025269938 80.0 0
1747025269939 32.0 0
1747025269941 33.0 0
1747025269942 76.0 0
1747025269946 26.0 0
1747025269946 40.0 0
1747025269949 18.0 0
1747025269950 62.0 0
1747025269951 86.0 0
1747025269953 39.0 0
1747025269954 18.0 0
1747025269955 35.0 0
1747025269955 5.0 0
1747025269959 1.0 0
1747025269960 20.0 0
1747025269962 85.0 0
1747025269965 28.0 0
1747025269972 43.0 0
1747025269973 47.0 0
1747025269974 84.0 0
1747025269975 86.0 0
1747025269975 70.0 0
1747025269983 23.0 0
1747025269986 29.0 0
1747025269988 55.0 0
1747025269992 72.0 0
1747025269992 69.0 0
1747025269994 32.0 0
1747025269995 15.0 0
1747025269996 99.0 0
1747025269997 51.0 0
1747025269998 88.0 0
1747025269999 89.0 0
1747025270002 76.0 0
1747025270002 86.0 0
1747025270006 13.0 0
1747025270010 79.0 0
1747025270010 69.0 0
1747025270011 6.0 0
1747025270012 37.0 0
1747025270014 19.0 0
1747025270015 2.0 0
1747025270017 97.0 0
1747025270020 56.0 0
1747025270020 65.0 0
1747025270025 78.0 0
1747025270033 75.0 0
1747025270035 76.0 0
1747025270038 6.0 0
1747025270040 1.0 0
1747025270044 1.0 0
1747025270049 48.0 0
1747025270051 18.0 0
1747025270052 62.0 0
1747025270053 29.0 0
1747025270057 28.0 0
1747025270057 15.0 0
1747025270063 95.0 0
1747025270065 89.0 0
1747025270066 45.0 0
1747025270067 22.0 0
1747025270069 42.0 0
1747025270070 34.0 0
1747025270071 61.0 0
1747025270073 77.0 0
1747025270073 62.0 0
1747025270075 86.0 0
1747025270075 1.0 0
1747025270076 7.0 0
1747025270077 71.0 0
1747025270078 5.0 0
1747025270081 7.0 0
1747025270081 18.0 0
1747025270082 11.0 0
1747025270083 10.0 0
1747025270086 41.0 0
1747025270087 28.0 0
1747025270089 71.0 0
1747025270090 88.0 0
1747025270092 17.0 0
1747025270093 23.0 0
1747025270095 53.0 0
1747025270096 54.0 0
1747025270104 51.0 0
1747025270105 96.0 0
1747025270107 19.0 0
1747025270108 57.0 0
1747025270108 14.0 0
1747025270111 94.0 0
1747025270112 78.0 0
1747025270114 70.0 0
1747025270116 69.0 0
1747025270119 7.0 0
1747025270123 13.0 0
1747025270124 69.0 0
1747025270125 95.0 0
1747025270127 79.0 0
1747025270130 96.0 0
1747025270138 15.0 0
1747025270139 6.0 0
1747025270140 15.0 0
1747025270143 36.0 0
1747025270144 23.0 0
1747025270146 60.0 0
1747025270148 44.0 0
1747025270148 37.0 0
1747025270149 75.0 0
1747025270151 93.0 0
1747025270151 15.0 0
1747025270152 76.0 0
1747025270152 8.0 0
1747025270154 33.0 0
1747025270154 32.0 0
1747025270155 24.0 0
1747025270156 26.0 0
1747025270159 66.0 0
1747025270159 57.0 0
1747025270162 10.0 0
1747025270167 69.0 0
1747025270169 51.0 0
1747025270170 46.0 0
1747025270171 56.0 0
1747025270176 49.0 0
1747025270180 9.0 0
1747025270181 1.0 0
1747025270182 45.0 0
1747025270183 98.0 0
1747025270191 42.0 0
1747025270192 19.0 0
1747025270194 33.0 0
1747025270197 40.0 0
1747025270199 90.0 0
1747025270203 80.0 0
1747025270204 73.0 0
1747025270206 35.0 0
1747025270206 25.0 0
1747025270207 63.0 0
1747025270212 67.0 0
1747025270212 83.0 0
1747025270215 2.0 0
1747025270218 25.0 0
1747025270219 50.0 0
1747025270220 34.0 0
1747025270230 37.0 0
1747025270233 22.0 0
1747025270234 44.0 0
1747025270237 80.0 0
1747025270242 26.0 0
1747025270243 19.0 0
1747025270245 44.0 0
1747025270248 60.0 0
1747025270250 49.0 0
1747025270250 90.0 0
1747025270251 88.0 0
1747025270253 11.0 0
1747025270257 34.0 0
1747025270265 6.0 0
1747025270266 37.0 0
1747025270267 43.0 0
1747025270270 35.0 0
1747025270272 37.0 0
1747025270274 3.0 0
1747025270278 82.0 0
1747025270281 63.0 0
1747025270281 12.0 0
1747025270282 75.0 0
1747025270284 80.0 0
1747025270288 36.0 0
1747025270289 78.0 0
1747025270291 43.0 0
1747025270293 84.0 0
1747025270294 45.0 0
1747025270296 78.0 0
1747025270296 38.0 0
1747025270299 75.0 0
1747025270299 0.0 0
1747025270301 99.0 0
1747025270303 29.0 0
1747025270304 95.0 0
1747025270305 43.0 0
1747025270307 37.0 0
1747025270313 92.0 0
1747025270314 41.0 0
1747025270315 26.0 0
1747025270315 6.0 0
1747025270316 22.0 0
1747025270316 33.0 0
1747025270319 96.0 0
1747025270323 16.0 0
1747025270324 99.0 0
1747025270326 59.0 0
1747025270329 72.0 0
1747025270330 58.0 0
1747025270330 98.0 0
1747025270332 34.0 0
1747025270337 44.0 0
1747025270337 37.0 0
1747025270338 75.0 0
1747025270342 32.0 0
1747025270342 83.0 0
1747025270344 61.0 0
1747025270354 15.0 0
1747025270361 74.0 0
1747025270363 9.0 0
1747025270364 96.0 0
1747025270366 15.0 0
1747025270368 97.0 0
1747025270371 3.0 0
1747025270374 58.0 0
1747025270374 7.0 0
1747025270376 54.0 0
1747025270376 26.0 0
1747025270377 73.0 0
1747025270378 3.0 0
1747025270379 2.0 0
1747025270379 92.0 0
1747025270380 18.0 0
1747025270380 7.0 0
1747025270381 60.0 0
1747025270383 14.0 0
1747025270387 48.0 0
