1747025267842 62.0 0
1747025267843 17.0 0
1747025267845 53.0 0
1747025267847 27.0 0
1747025267847 83.0 0
1747025267849 50.0 0
1747025267850 86.0 0
1747025267853 34.0 0
1747025267856 86.0 0
1747025267856 25.0 0
1747025267857 67.0 0
1747025267859 51.0 0
1747025267861 58.0 0
1747025267862 11.0 0
1747025267862 7.0 0
1747025267863 99.0 0
1747025267863 90.0 0
1747025267865 8.0 0
1747025267865 2.0 0
1747025267866 35.0 0
1747025267867 31.0 0
1747025267867 16.0 0
1747025267868 62.0 0
1747025267868 52.0 0
1747025267870 68.0 0
1747025267872 26.0 0
1747025267876 72.0 0
1747025267878 84.0 0
1747025267883 78.0 0
1747025267884 60.0 0
1747025267884 17.0 0
1747025267886 83.0 0
1747025267890 78.0 0
1747025267894 46.0 0
1747025267895 84.0 0
1747025267898 23.0 0
1747025267899 84.0 0
1747025267902 6.0 0
1747025267903 27.0 0
1747025267904 42.0 0
1747025267905 62.0 0
1747025267906 3.0 0
1747025267907 65.0 0
1747025267909 82.0 0
1747025267909 79.0 0
1747025267910 52.0 0
1747025267912 71.0 0
1747025267913 58.0 0
1747025267914 5.0 0
1747025267917 6.0 0
1747025267918 95.0 0
1747025267919 12.0 0
1747025267920 97.0 0
1747025267921 40.0 0
1747025267923 51.0 0
1747025267928 53.0 0
1747025267931 74.0 0
1747025267931 66.0 0
1747025267933 23.0 0
1747025267934 98.0 0
1747025267935 58.0 0
1747025267936 77.0 0
1747025267936 78.0 0
1747025267939 88.0 0
1747025267940 19.0 0
1747025267941 47.0 0
1747025267942 66.0 0
1747025267945 17.0 0
1747025267949 67.0 0
1747025267949 11.0 0
1747025267951 59.0 0
1747025267952 62.0 0
1747025267953 36.0 0
1747025267954 55.0 0
1747025267954 6.0 0
1747025267955 23.0 0
1747025267957 12.0 0
1747025267960 97.0 0
1747025267963 21.0 0
1747025267965 8.0 0
1747025267968 35.0 0
1747025267971 96.0 0
1747025267974 21.0 0
1747025267976 24.0 0
1747025267979 21.0 0
1747025267979 96.0 0
1747025267981 45.0 0
1747025267982 19.0 0
1747025267982 22.0 0
1747025267984 2.0 0
1747025267985 67.0 0
1747025267986 10.0 0
1747025267987 73.0 0
1747025267990 64.0 0
1747025267992 18.0 0
1747025267993 81.0 0
1747025267994 55.0 0
1747025267995 90.0 0
1747025267996 10.0 0
1747025267997 41.0 0
1747025267998 19.0 0
1747025268000 17.0 0
1747025268004 76.0 0
1747025268009 9.0 0
1747025268010 53.0 0
1747025268011 78.0 0
1747025268012 24.0 0
1747025268014 91.0 0
1747025268014 10.0 0
1747025268016 85.0 0
1747025268017 81.0 0
1747025268018 3.0 0
1747025268020 89.0 0
1747025268021 34.0 0
1747025268023 84.0 0
1747025268025 61.0 0
1747025268026 14.0 0
1747025268027 86.0 0
1747025268029 45.0 0
1747025268032 69.0 0
1747025268034 51.0 0
1747025268035 39.0 0
1747025268038 99.0 0
1747025268039 39.0 0
1747025268040 12.0 0
1747025268042 21.0 0
1747025268043 81.0 0
1747025268044 19.0 0
1747025268045 65.0 0
1747025268045 92.0 0
1747025268046 74.0 0
1747025268047 36.0 0
1747025268047 60.0 0
1747025268048 14.0 0
1747025268048 84.0 0
1747025268050 59.0 0
1747025268055 87.0 0
1747025268055 91.0 0
1747025268056 93.0 0
1747025268059 84.0 0
1747025268060 24.0 0
1747025268062 98.0 0
1747025268063 33.0 0
1747025268064 68.0 0
1747025268065 76.0 0
1747025268068 29.0 0
1747025268070 45.0 0
1747025268071 8.0 0
1747025268074 8.0 0
1747025268076 11.0 0
1747025268079 89.0 0
1747025268080 60.0 0
1747025268082 82.0 0
1747025268084 72.0 0
1747025268093 25.0 0
1747025268097 93.0 0
1747025268100 78.0 0
1747025268101 5.0 0
1747025268102 9.0 0
1747025268103 73.0 0
1747025268104 50.0 0
1747025268105 4.0 0
1747025268106 37.0 0
1747025268107 47.0 0
1747025268109 93.0 0
1747025268110 46.0 0
1747025268115 41.0 0
1747025268116 22.0 0
1747025268117 67.0 0
1747025268119 78.0 0
1747025268121 32.0 0
1747025268122 99.0 0
1747025268128 84.0 0
1747025268128 24.0 0
1747025268129 19.0 0
1747025268130 98.0 0
1747025268132 65.0 0
1747025268136 38.0 0
1747025268137 89.0 0
1747025268140 5.0 0
1747025268141 57.0 0
1747025268146 0.0 0
1747025268148 50.0 0
1747025268150 41.0 0
1747025268151 26.0 0
1747025268157 67.0 0
1747025268159 90.0 0
1747025268160 42.0 0
1747025268162 41.0 0
1747025268162 53.0 0
1747025268165 83.0 0
1747025268166 95.0 0
1747025268166 87.0 0
1747025268167 8.0 0
1747025268168 40.0 0
1747025268169 93.0 0
1747025268173 97.0 0
1747025268176 71.0 0
1747025268176 75.0 0
1747025268177 50.0 0
1747025268179 31.0 0
1747025268181 69.0 0
1747025268182 74.0 0
1747025268189 14.0 0
1747025268189 94.0 0
1747025268192 67.0 0
1747025268193 25.0 0
1747025268195 22.0 0
1747025268196 50.0 0
1747025268199 2.0 0
1747025268201 49.0 0
1747025268202 41.0 0
1747025268202 84.0 0
1747025268203 26.0 0
1747025268203 25.0 0
1747025268204 43.0 0
1747025268207 55.0 0
1747025268211 67.0 0
1747025268214 40.0 0
1747025268215 38.0 0
1747025268216 44.0 0
1747025268223 12.0 0
1747025268224 46.0 0
1747025268226 17.0 0
1747025268226 14.0 0
1747025268227 27.0 0
1747025268230 28.0 0
1747025268233 11.0 0
1747025268234 71.0 0
1747025268237 74.0 0
1747025268239 82.0 0
1747025268240 26.0 0
1747025268242 75.0 0
1747025268243 44.0 0
1747025268245 71.0 0
1747025268246 82.0 0
1747025268246 66.0 0
1747025268248 13.0 0
1747025268251 70.0 0
1747025268252 61.0 0
1747025268254 67.0 0
1747025268254 30.0 0
1747025268257 83.0 0
1747025268258 76.0 0
1747025268261 77.0 0
1747025268264 74.0 0
1747025268265 55.0 0
1747025268266 53.0 0
1747025268267 42.0 0
1747025268269 26.0 0
1747025268271 24.0 0
1747025268273 35.0 0
1747025268279 68.0 0
1747025268281 50.0 0
1747025268283 27.0 0
1747025268283 75.0 0
1747025268285 22.0 0
1747025268286 32.0 0
1747025268289 61.0 0
1747025268292 91.0 0
1747025268293 76.0 0
1747025268294 47.0 0
1747025268294 84.0 0
1747025268295 66.0 0
1747025268301 15.0 0
1747025268302 72.0 0
1747025268303 7.0 0
1747025268307 52.0 0
1747025268310 43.0 0
1747025268311 48.0 0
1747025268313 1.0 0
1747025268314 34.0 0
1747025268315 88.0 0
1747025268315 46.0 0
1747025268316 47.0 0
1747025268318 47.0 0
1747025268324 27.0 0
1747025268324 11.0 0
1747025268327 95.0 0
1747025268327 35.0 0
1747025268328 69.0 0
1747025268330 91.0 0
1747025268330 79.0 0
1747025268331 9.0 0
1747025268332 51.0 0
1747025268333 3.0 0
1747025268334 99.0 0
1747025268337 37.0 0
1747025268340 90.0 0
1747025268341 88.0 0
1747025268343 41.0 0
1747025268345 17.0 0
1747025268347 63.0 0
1747025268348 53.0 0
1747025268352 59.0 0
1747025268354 51.0 0
1747025268357 64.0 0
1747025268358 37.0 0
1747025268358 64.0 0
1747025268360 90.0 0
1747025268362 0.0 0
1747025268365 93.0 0
1747025268366 16.0 0
1747025268370 96.0 0
1747025268371 83.0 0
1747025268373 90.0 0
1747025268375 0.0 0
1747025268376 68.0 0
1747025268377 96.0 0
1747025268379 39.0 0
1747025268382 25.0 0
1747025268383 56.0 0
1747025268387 98.0 0
1747025268390 72.0 0
1747025268392 36.0 0
1747025268393 56.0 0
1747025268394 37.0 0
1747025268397 55.0 0
1747025268397 65.0 0
1747025268398 87.0 0
1747025268400 54.0 0
1747025268402 64.0 0
1747025268402 1.0 0
1747025268404 17.0 0
1747025268407 86.0 0
1747025268409 50.0 0
1747025268410 69.0 0
1747025268411 53.0 0
1747025268413 62.0 0
1747025268414 53.0 0
1747025268416 37.0 0
1747025268424 72.0 0
1747025268424 73.0 0
1747025268425 71.0 0
1747025268426 70.0 0
1747025268427 72.0 0
1747025268427 90.0 0
1747025268429 25.0 0
1747025268431 99.0 0
1747025268432 65.0 0
1747025268435 83.0 0
1747025268436 59.0 0
1747025268439 21.0 0
1747025268444 41.0 0
1747025268447 14.0 0
1747025268449 21.0 0
1747025268449 48.0 0
1747025268450 19.0 0
1747025268452 11.0 0
1747025268453 10.0 0
1747025268454 84.0 0
1747025268455 65.0 0
1747025268456 47.0 0
1747025268457 31.0 0
1747025268460 0.0 0
1747025268465 54.0 0
1747025268466 66.0 0
1747025268467 17.0 0
1747025268469 62.0 0
1747025268470 10.0 0
1747025268472 38.0 0
1747025268472 25.0 0
1747025268477 86.0 0
1747025268480 4.0 0
1747025268483 44.0 0
1747025268484 31.0 0
1747025268486 25.0 0
1747025268488 87.0 0
1747025268489 72.0 0
1747025268490 20.0 0
1747025268491 84.0 0
1747025268495 76.0 0
1747025268497 91.0 0
1747025268498 52.0 0
1747025268499 21.0 0
1747025268500 8.0 0
1747025268501 39.0 0
1747025268501 45.0 0
1747025268503 87.0 0
1747025268506 36.0 0
1747025268509 56.0 0
1747025268509 47.0 0
1747025268511 50.0 0
1747025268512 10.0 0
1747025268514 90.0 0
1747025268516 56.0 0
1747025268521 15.0 0
1747025268522 45.0 0
1747025268525 27.0 0
1747025268526 22.0 0
1747025268527 36.0 0
1747025268535 26.0 0
1747025268536 52.0 0
1747025268537 35.0 0
1747025268538 0.0 0
1747025268541 21.0 0
1747025268543 47.0 0
1747025268544 60.0 0
1747025268546 42.0 0
1747025268547 67.0 0
1747025268548 23.0 0
1747025268550 48.0 0
1747025268551 69.0 0
1747025268552 51.0 0
1747025268553 74.0 0
1747025268555 72.0 0
1747025268556 51.0 0
1747025268556 30.0 0
1747025268559 24.0 0
1747025268561 63.0 0
1747025268561 78.0 0
1747025268562 0.0 0
1747025268567 62.0 0
1747025268567 14.0 0
1747025268571 32.0 0
1747025268572 67.0 0
1747025268573 90.0 0
1747025268575 37.0 0
1747025268579 44.0 0
1747025268582 36.0 0
1747025268584 3.0 0
1747025268584 99.0 0
1747025268587 10.0 0
1747025268588 59.0 0
1747025268588 7.0 0
1747025268592 99.0 0
1747025268593 23.0 0
1747025268605 40.0 0
1747025268606 41.0 0
1747025268608 71.0 0
1747025268608 16.0 0
1747025268610 50.0 0
1747025268613 94.0 0
1747025268614 79.0 0
1747025268615 47.0 0
1747025268615 10.0 0
1747025268621 70.0 0
1747025268622 94.0 0
1747025268623 78.0 0
1747025268624 94.0 0
1747025268624 74.0 0
1747025268626 35.0 0
1747025268626 58.0 0
1747025268627 3.0 0
1747025268629 13.0 0
1747025268629 68.0 0
1747025268633 64.0 0
1747025268635 62.0 0
1747025268643 53.0 0
1747025268644 64.0 0
1747025268646 64.0 0
1747025268648 82.0 0
1747025268650 1.0 0
1747025268654 86.0 0
1747025268658 9.0 0
1747025268658 42.0 0
1747025268660 53.0 0
1747025268660 6.0 0
1747025268661 32.0 0
1747025268664 50.0 0
1747025268665 21.0 0
1747025268665 16.0 0
1747025268670 3.0 0
1747025268674 35.0 0
1747025268679 44.0 0
1747025268682 76.0 0
1747025268683 13.0 0
1747025268686 6.0 0
1747025268687 46.0 0
1747025268688 3.0 0
1747025268691 69.0 0
1747025268692 48.0 0
1747025268694 79.0 0
1747025268700 88.0 0
1747025268702 62.0 0
1747025268703 58.0 0
1747025268703 31.0 0
1747025268704 65.0 0
1747025268706 3.0 0
1747025268708 2.0 0
1747025268709 91.0 0
1747025268711 92.0 0
1747025268714 45.0 0
1747025268716 65.0 0
1747025268717 76.0 0
1747025268719 63.0 0
1747025268719 94.0 0
1747025268721 18.0 0
1747025268729 95.0 0
1747025268731 7.0 0
1747025268734 17.0 0
1747025268734 5.0 0
1747025268736 68.0 0
1747025268737 47.0 0
1747025268737 61.0 0
1747025268738 3.0 0
1747025268739 61.0 0
1747025268740 71.0 0
1747025268740 96.0 0
1747025268742 81.0 0
1747025268745 14.0 0
1747025268748 56.0 0
1747025268751 42.0 0
1747025268751 20.0 0
1747025268754 11.0 0
1747025268754 86.0 0
1747025268757 97.0 0
1747025268758 10.0 0
1747025268760 4.0 0
1747025268760 85.0 0
1747025268763 64.0 0
1747025268764 91.0 0
1747025268766 74.0 0
1747025268768 78.0 0
1747025268771 23.0 0
1747025268772 58.0 0
1747025268777 67.0 0
1747025268777 86.0 0
1747025268783 2.0 0
1747025268786 17.0 0
1747025268788 87.0 0
1747025268791 44.0 0
1747025268791 86.0 0
1747025268794 97.0 0
1747025268795 72.0 0
1747025268798 50.0 0
1747025268799 86.0 0
1747025268799 80.0 0
1747025268804 8.0 0
1747025268808 98.0 0
1747025268808 36.0 0
1747025268809 54.0 0
1747025268810 48.0 0
1747025268810 40.0 0
1747025268812 26.0 0
1747025268812 1.0 0
1747025268814 43.0 0
1747025268814 30.0 0
1747025268820 86.0 0
1747025268821 43.0 0
1747025268823 35.0 0
1747025268825 8.0 0
1747025268828 38.0 0
1747025268829 35.0 0
1747025268830 42.0 0
1747025268834 72.0 0
1747025268834 41.0 0
1747025268837 30.0 0
1747025268838 25.0 0
1747025268841 36.0 0
1747025268843 70.0 0
1747025268844 5.0 0
1747025268845 60.0 0
1747025268847 47.0 0
1747025268848 93.0 0
1747025268851 22.0 0
1747025268852 0.0 0
1747025268853 13.0 0
1747025268853 36.0 0
1747025268855 17.0 0
1747025268856 78.0 0
1747025268857 50.0 0
1747025268857 32.0 0
1747025268858 7.0 0
1747025268859 14.0 0
1747025268860 60.0 0
1747025268862 25.0 0
1747025268865 49.0 0
1747025268867 59.0 0
1747025268870 36.0 0
1747025268871 78.0 0
1747025268874 83.0 0
1747025268875 34.0 0
1747025268878 79.0 0
1747025268880 62.0 0
1747025268888 98.0 0
1747025268888 4.0 0
1747025268891 18.0 0
1747025268895 39.0 0
1747025268896 18.0 0
1747025268897 50.0 0
1747025268901 13.0 0
1747025268903 13.0 0
1747025268905 76.0 0
1747025268906 35.0 0
1747025268907 17.0 0
1747025268909 24.0 0
1747025268911 34.0 0
1747025268911 57.0 0
1747025268912 83.0 0
1747025268913 63.0 0
1747025268915 44.0 0
1747025268916 20.0 0
1747025268922 85.0 0
1747025268924 28.0 0
1747025268925 87.0 0
1747025268927 58.0 0
1747025268929 84.0 0
1747025268934 91.0 0
1747025268936 23.0 0
1747025268944 43.0 0
1747025268950 94.0 0
1747025268951 69.0 0
1747025268953 53.0 0
1747025268957 68.0 0
1747025268958 94.0 0
1747025268959 84.0 0
1747025268961 37.0 0
1747025268961 71.0 0
1747025268963 34.0 0
1747025268964 45.0 0
1747025268964 80.0 0
1747025268965 16.0 0
1747025268966 88.0 0
1747025268966 79.0 0
1747025268969 93.0 0
1747025268970 6.0 0
1747025268971 62.0 0
1747025268973 92.0 0
1747025268975 65.0 0
1747025268976 31.0 0
1747025268978 66.0 0
1747025268981 11.0 0
1747025268983 62.0 0
1747025268983 82.0 0
1747025268984 7.0 0
1747025268985 95.0 0
1747025268986 87.0 0
1747025268987 43.0 0
1747025268990 96.0 0
1747025268990 14.0 0
1747025268993 62.0 0
1747025268994 31.0 0
1747025268997 11.0 0
1747025269005 88.0 0
1747025269008 61.0 0
1747025269015 88.0 0
1747025269018 21.0 0
1747025269019 92.0 0
1747025269021 37.0 0
1747025269025 71.0 0
1747025269026 17.0 0
1747025269027 81.0 0
1747025269029 86.0 0
1747025269033 6.0 0
1747025269034 54.0 0
1747025269035 97.0 0
1747025269037 59.0 0
1747025269038 27.0 0
1747025269043 59.0 0
1747025269045 64.0 0
1747025269046 71.0 0
1747025269047 15.0 0
1747025269049 20.0 0
1747025269052 56.0 0
1747025269056 46.0 0
1747025269057 25.0 0
1747025269059 29.0 0
1747025269064 56.0 0
1747025269065 42.0 0
1747025269073 14.0 0
1747025269074 47.0 0
1747025269075 48.0 0
1747025269075 31.0 0
1747025269077 52.0 0
1747025269078 36.0 0
1747025269079 54.0 0
1747025269079 83.0 0
1747025269082 44.0 0
1747025269084 31.0 0
1747025269087 40.0 0
1747025269089 96.0 0
1747025269091 2.0 0
1747025269093 79.0 0
1747025269094 87.0 0
1747025269097 58.0 0
1747025269099 13.0 0
1747025269100 29.0 0
1747025269102 39.0 0
1747025269102 96.0 0
1747025269104 30.0 0
1747025269105 39.0 0
1747025269107 71.0 0
1747025269108 53.0 0
1747025269111 85.0 0
1747025269113 83.0 0
1747025269115 46.0 0
1747025269117 53.0 0
1747025269119 77.0 0
1747025269119 2.0 0
1747025269121 32.0 0
1747025269122 30.0 0
1747025269123 0.0 0
1747025269135 65.0 0
1747025269136 36.0 0
1747025269138 42.0 0
1747025269142 16.0 0
1747025269143 7.0 0
1747025269143 66.0 0
1747025269144 41.0 0
1747025269145 93.0 0
1747025269149 41.0 0
1747025269150 90.0 0
1747025269150 10.0 0
1747025269152 17.0 0
1747025269153 81.0 0
1747025269155 53.0 0
1747025269159 33.0 0
1747025269161 21.0 0
1747025269161 7.0 0
1747025269162 76.0 0
1747025269167 77.0 0
1747025269168 30.0 0
1747025269169 16.0 0
1747025269177 67.0 0
1747025269181 30.0 0
1747025269186 95.0 0
1747025269188 25.0 0
1747025269191 50.0 0
1747025269195 18.0 0
1747025269196 39.0 0
1747025269197 52.0 0
1747025269199 82.0 0
1747025269201 28.0 0
1747025269202 13.0 0
1747025269202 47.0 0
1747025269203 53.0 0
1747025269206 15.0 0
1747025269208 57.0 0
1747025269209 53.0 0
1747025269209 41.0 0
1747025269210 52.0 0
1747025269211 26.0 0
1747025269212 32.0 0
1747025269216 10.0 0
1747025269218 34.0 0
1747025269219 47.0 0
1747025269219 51.0 0
1747025269220 56.0 0
1747025269221 35.0 0
1747025269222 77.0 0
1747025269228 16.0 0
1747025269232 50.0 0
1747025269236 66.0 0
1747025269237 65.0 0
1747025269239 51.0 0
1747025269241 9.0 0
1747025269248 27.0 0
1747025269250 2.0 0
1747025269252 14.0 0
1747025269256 9.0 0
1747025269258 41.0 0
1747025269261 1.0 0
1747025269263 50.0 0
1747025269265 69.0 0
1747025269265 30.0 0
1747025269266 31.0 0
1747025269267 31.0 0
1747025269268 38.0 0
1747025269270 28.0 0
1747025269272 25.0 0
1747025269276 25.0 0
1747025269278 69.0 0
1747025269279 91.0 0
1747025269280 11.0 0
1747025269282 95.0 0
1747025269284 97.0 0
1747025269284 90.0 0
1747025269285 88.0 0
1747025269285 57.0 0
1747025269288 58.0 0
1747025269290 15.0 0
1747025269290 27.0 0
1747025269292 44.0 0
1747025269293 62.0 0
1747025269294 47.0 0
1747025269296 41.0 0
1747025269298 22.0 0
1747025269299 23.0 0
1747025269300 49.0 0
1747025269301 91.0 0
1747025269306 65.0 0
1747025269307 14.0 0
1747025269309 90.0 0
1747025269313 5.0 0
1747025269317 96.0 0
1747025269318 15.0 0
1747025269318 18.0 0
1747025269319 19.0 0
1747025269320 81.0 0
1747025269323 47.0 0
1747025269323 4.0 0
1747025269324 80.0 0
1747025269328 24.0 0
1747025269329 41.0 0
1747025269331 21.0 0
1747025269334 93.0 0
1747025269336 80.0 0
1747025269338 61.0 0
1747025269339 7.0 0
1747025269340 62.0 0
1747025269341 18.0 0
1747025269344 41.0 0
1747025269344 2.0 0
1747025269347 90.0 0
1747025269350 19.0 0
1747025269350 89.0 0
1747025269355 96.0 0
1747025269357 43.0 0
1747025269361 71.0 0
1747025269365 50.0 0
1747025269367 25.0 0
1747025269367 39.0 0
1747025269369 34.0 0
1747025269369 1.0 0
1747025269370 93.0 0
1747025269372 3.0 0
1747025269372 77.0 0
1747025269375 6.0 0
1747025269375 87.0 0
1747025269377 95.0 0
1747025269377 7.0 0
1747025269378 97.0 0
1747025269380 66.0 0
1747025269382 58.0 0
1747025269383 27.0 0
1747025269383 6.0 0
1747025269384 74.0 0
1747025269386 77.0 0
1747025269391 69.0 0
1747025269391 43.0 0
1747025269393 78.0 0
1747025269393 79.0 0
1747025269399 23.0 0
1747025269403 40.0 0
1747025269405 75.0 0
1747025269406 97.0 0
1747025269407 34.0 0
1747025269411 43.0 0
1747025269411 20.0 0
1747025269416 66.0 0
1747025269418 55.0 0
1747025269419 77.0 0
1747025269419 97.0 0
1747025269420 64.0 0
1747025269421 28.0 0
1747025269422 92.0 0
1747025269426 73.0 0
1747025269427 30.0 0
1747025269428 54.0 0
1747025269431 52.0 0
1747025269432 35.0 0
1747025269436 10.0 0
1747025269438 67.0 0
1747025269441 82.0 0
1747025269447 12.0 0
1747025269452 13.0 0
1747025269452 49.0 0
1747025269456 18.0 0
1747025269458 19.0 0
1747025269463 94.0 0
1747025269470 28.0 0
1747025269471 91.0 0
1747025269472 63.0 0
1747025269476 18.0 0
1747025269478 32.0 0
1747025269480 46.0 0
1747025269482 60.0 0
1747025269483 89.0 0
1747025269486 13.0 0
1747025269488 74.0 0
1747025269489 12.0 0
1747025269492 90.0 0
1747025269492 40.0 0
1747025269494 76.0 0
1747025269501 21.0 0
1747025269504 74.0 0
1747025269507 86.0 0
1747025269509 23.0 0
1747025269511 48.0 0
1747025269512 12.0 0
1747025269515 88.0 0
1747025269518 1.0 0
1747025269527 50.0 0
1747025269528 63.0 0
1747025269529 27.0 0
1747025269530 16.0 0
1747025269533 69.0 0
1747025269539 19.0 0
1747025269539 47.0 0
1747025269540 12.0 0
1747025269543 51.0 0
1747025269545 52.0 0
1747025269546 93.0 0
1747025269549 63.0 0
1747025269551 82.0 0
1747025269552 35.0 0
1747025269553 16.0 0
1747025269554 49.0 0
1747025269561 64.0 0
1747025269563 15.0 0
1747025269564 45.0 0
1747025269566 88.0 0
1747025269567 23.0 0
1747025269567 74.0 0
1747025269569 80.0 0
1747025269570 57.0 0
1747025269572 81.0 0
1747025269573 48.0 0
1747025269574 14.0 0
1747025269575 93.0 0
1747025269577 80.0 0
1747025269579 81.0 0
1747025269582 67.0 0
1747025269584 1.0 0
1747025269587 81.0 0
1747025269592 85.0 0
1747025269593 36.0 0
1747025269597 20.0 0
1747025269601 29.0 0
1747025269606 73.0 0
1747025269610 27.0 0
1747025269612 53.0 0
1747025269615 53.0 0
1747025269618 20.0 0
1747025269621 10.0 0
1747025269622 96.0 0
1747025269622 70.0 0
1747025269624 69.0 0
1747025269628 25.0 0
1747025269629 90.0 0
1747025269630 76.0 0
1747025269632 43.0 0
1747025269633 82.0 0
1747025269638 66.0 0
1747025269640 58.0 0
1747025269641 19.0 0
1747025269643 91.0 0
1747025269644 81.0 0
1747025269647 5.0 0
1747025269648 9.0 0
1747025269652 2.0 0
1747025269654 47.0 0
1747025269654 7.0 0
1747025269658 35.0 0
1747025269659 62.0 0
1747025269660 41.0 0
1747025269661 31.0 0
1747025269665 73.0 0
1747025269668 45.0 0
1747025269671 72.0 0
1747025269672 78.0 0
1747025269674 59.0 0
1747025269680 99.0 0
1747025269681 88.0 0
1747025269682 71.0 0
1747025269684 23.0 0
1747025269685 27.0 0
1747025269686 56.0 0
1747025269686 91.0 0
1747025269688 1.0 0
1747025269689 38.0 0
1747025269691 15.0 0
1747025269694 60.0 0
1747025269696 14.0 0
1747025269697 88.0 0
1747025269707 82.0 0
1747025269708 66.0 0
1747025269709 49.0 0
1747025269713 76.0 0
1747025269716 30.0 0
1747025269726 32.0 0
1747025269727 38.0 0
1747025269728 83.0 0
1747025269731 51.0 0
1747025269732 67.0 0
1747025269733 51.0 0
1747025269734 70.0 0
1747025269735 1.0 0
1747025269737 70.0 0
1747025269740 99.0 0
1747025269747 47.0 0
1747025269748 10.0 0
1747025269749 54.0 0
1747025269752 46.0 0
1747025269755 91.0 0
1747025269755 79.0 0
1747025269758 99.0 0
1747025269767 68.0 0
1747025269768 1.0 0
1747025269769 77.0 0
1747025269771 81.0 0
1747025269773 25.0 0
1747025269775 95.0 0
1747025269777 34.0 0
1747025269780 60.0 0
1747025269781 2.0 0
1747025269785 13.0 0
1747025269786 39.0 0
1747025269790 74.0 0
1747025269794 20.0 0
1747025269795 10.0 0
1747025269796 98.0 0
1747025269797 60.0 0
1747025269798 70.0 0
1747025269799 41.0 0
1747025269800 72.0 0
1747025269801 79.0 0
1747025269803 89.0 0
1747025269804 41.0 0
1747025269805 49.0 0
1747025269806 64.0 0
1747025269807 65.0 0
1747025269809 74.0 0
1747025269810 1.0 0
1747025269811 4.0 0
1747025269816 31.0 0
1747025269817 54.0 0
1747025269818 69.0 0
1747025269822 64.0 0
1747025269824 26.0 0
1747025269824 57.0 0
1747025269826 98.0 0
1747025269826 90.0 0
1747025269827 8.0 0
1747025269830 97.0 0
1747025269831 59.0 0
1747025269834 24.0 0
1747025269836 47.0 0
1747025269837 70.0 0
1747025269838 31.0 0
1747025269839 45.0 0
1747025269840 79.0 0
1747025269842 47.0 0
1747025269843 88.0 0
1747025269843 77.0 0
1747025269847 3.0 0
1747025269853 34.0 0
1747025269854 88.0 0
1747025269857 17.0 0
1747025269858 35.0 0
1747025269860 53.0 0
1747025269866 24.0 0
1747025269867 99.0 0
1747025269872 61.0 0
1747025269874 0.0 0
1747025269877 56.0 0
1747025269880 99.0 0
1747025269883 50.0 0
1747025269885 6.0 0
1747025269888 9.0 0
1747025269888 39.0 0
1747025269890 68.0 0
1747025269891 7.0 0
1747025269892 77.0 0
1747025269893 89.0 0
1747025269896 26.0 0
1747025269896 94.0 0
1747025269896 94.0 0
1747025269897 75.0 0
1747025269898 30.0 0
1747025269898 78.0 0
1747025269901 58.0 0
1747025269904 53.0 0
1747025269907 56.0 0
1747025269908 5.0 0
1747025269909 63.0 0
1747025269912 42.0 0
1747025269912 1.0 0
1747025269914 97.0 0
1747025269914 0.0 0
1747025269916 24.0 0
1747025269917 26.0 0
1747025269919 90.0 0
1747025269922 55.0 0
1747025269925 99.0 0
1747025269929 24.0 0
1747025269929 48.0 0
1747025269930 1.0 0
1747025269934 61.0 0
1747025269937 48.0 0
1747025269940 25.0 0
1747025269945 23.0 0
1747025269948 39.0 0
1747025269952 53.0 0
1747025269954 95.0 0
1747025269956 47.0 0
1747025269957 39.0 0
1747025269958 79.0 0
1747025269959 68.0 0
1747025269966 56.0 0
1747025269966 62.0 0
1747025269967 56.0 0
1747025269969 4.0 0
1747025269970 35.0 0
1747025269971 62.0 0
1747025269971 71.0 0
1747025269976 18.0 0
1747025269978 65.0 0
1747025269980 48.0 0
1747025269980 42.0 0
1747025269981 29.0 0
1747025269981 62.0 0
1747025269984 79.0 0
1747025269985 38.0 0
1747025269986 37.0 0
1747025269988 96.0 0
1747025269991 70.0 0
1747025269991 5.0 0
1747025269996 59.0 0
1747025270000 11.0 0
1747025270001 75.0 0
1747025270003 41.0 0
1747025270004 50.0 0
1747025270004 45.0 0
1747025270005 57.0 0
1747025270006 13.0 0
1747025270007 33.0 0
1747025270013 14.0 0
1747025270015 28.0 0
1747025270016 89.0 0
1747025270019 9.0 0
1747025270019 25.0 0
1747025270021 9.0 0
1747025270022 31.0 0
1747025270023 93.0 0
1747025270024 54.0 0
1747025270026 10.0 0
1747025270027 41.0 0
1747025270028 62.0 0
1747025270029 89.0 0
1747025270029 21.0 0
1747025270030 65.0 0
1747025270031 59.0 0
1747025270032 64.0 0
1747025270034 68.0 0
1747025270035 26.0 0
1747025270036 4.0 0
1747025270036 73.0 0
1747025270037 74.0 0
1747025270038 65.0 0
1747025270039 45.0 0
1747025270041 46.0 0
1747025270041 34.0 0
1747025270043 44.0 0
1747025270043 20.0 0
1747025270046 87.0 0
1747025270047 46.0 0
1747025270048 94.0 0
1747025270049 9.0 0
1747025270050 60.0 0
1747025270054 80.0 0
1747025270054 0.0 0
1747025270055 85.0 0
1747025270056 13.0 0
1747025270059 64.0 0
1747025270060 89.0 0
1747025270061 74.0 0
1747025270064 92.0 0
1747025270066 42.0 0
1747025270070 60.0 0
1747025270074 63.0 0
1747025270079 86.0 0
1747025270079 11.0 0
1747025270080 77.0 0
1747025270083 74.0 0
1747025270085 24.0 0
1747025270086 18.0 0
1747025270087 39.0 0
1747025270088 12.0 0
1747025270089 59.0 0
1747025270090 6.0 0
1747025270092 4.0 0
1747025270098 8.0 0
1747025270099 88.0 0
1747025270100 54.0 0
1747025270101 31.0 0
1747025270102 49.0 0
1747025270103 80.0 0
1747025270104 61.0 0
1747025270106 0.0 0
1747025270110 1.0 0
1747025270110 69.0 0
1747025270113 31.0 0
1747025270115 49.0 0
1747025270115 79.0 0
1747025270117 19.0 0
1747025270117 66.0 0
1747025270118 89.0 0
1747025270123 50.0 0
1747025270124 6.0 0
1747025270126 6.0 0
1747025270128 2.0 0
1747025270129 48.0 0
1747025270130 44.0 0
1747025270131 98.0 0
1747025270132 77.0 0
1747025270133 69.0 0
1747025270134 34.0 0
1747025270135 85.0 0
1747025270136 47.0 0
1747025270137 86.0 0
1747025270137 75.0 0
1747025270138 38.0 0
1747025270140 74.0 0
1747025270141 79.0 0
1747025270142 9.0 0
1747025270147 58.0 0
1747025270149 25.0 0
1747025270157 33.0 0
1747025270158 99.0 0
1747025270160 96.0 0
1747025270161 59.0 0
1747025270165 70.0 0
1747025270166 10.0 0
1747025270168 93.0 0
1747025270172 71.0 0
1747025270173 86.0 0
1747025270175 0.0 0
1747025270176 88.0 0
1747025270177 45.0 0
1747025270178 71.0 0
1747025270179 84.0 0
1747025270181 66.0 0
1747025270182 41.0 0
1747025270184 66.0 0
1747025270185 10.0 0
1747025270186 76.0 0
1747025270187 6.0 0
1747025270188 11.0 0
1747025270189 14.0 0
1747025270189 88.0 0
1747025270191 25.0 0
1747025270193 44.0 0
1747025270194 36.0 0
1747025270195 14.0 0
1747025270197 68.0 0
1747025270199 59.0 0
1747025270200 64.0 0
1747025270201 16.0 0
1747025270204 18.0 0
1747025270209 81.0 0
1747025270210 95.0 0
1747025270211 9.0 0
1747025270211 78.0 0
1747025270214 78.0 0
1747025270214 83.0 0
1747025270216 95.0 0
1747025270216 10.0 0
1747025270220 47.0 0
1747025270221 55.0 0
1747025270225 6.0 0
1747025270228 92.0 0
1747025270229 36.0 0
1747025270230 20.0 0
1747025270231 17.0 0
1747025270231 7.0 0
1747025270232 91.0 0
1747025270236 65.0 0
1747025270236 15.0 0
1747025270237 87.0 0
1747025270238 32.0 0
1747025270239 13.0 0
1747025270239 58.0 0
1747025270241 16.0 0
1747025270247 90.0 0
1747025270248 27.0 0
1747025270252 16.0 0
1747025270254 2.0 0
1747025270255 78.0 0
1747025270256 14.0 0
1747025270258 33.0 0
1747025270259 8.0 0
1747025270260 32.0 0
1747025270261 43.0 0
1747025270262 5.0 0
1747025270265 71.0 0
1747025270269 12.0 0
1747025270273 57.0 0
1747025270275 94.0 0
1747025270277 39.0 0
1747025270278 77.0 0
1747025270279 69.0 0
1747025270280 55.0 0
1747025270283 58.0 0
1747025270283 58.0 0
1747025270287 80.0 0
1747025270287 63.0 0
1747025270291 7.0 0
1747025270292 88.0 0
1747025270294 72.0 0
1747025270295 93.0 0
1747025270297 51.0 0
1747025270297 36.0 0
1747025270298 99.0 0
1747025270300 69.0 0
1747025270302 24.0 0
1747025270305 54.0 0
1747025270307 56.0 0
1747025270308 21.0 0
1747025270308 34.0 0
1747025270310 27.0 0
1747025270311 91.0 0
1747025270312 52.0 0
1747025270320 36.0 0
1747025270321 2.0 0
1747025270322 32.0 0
1747025270324 54.0 0
1747025270326 77.0 0
1747025270327 42.0 0
1747025270327 51.0 0
1747025270332 44.0 0
1747025270334 55.0 0
1747025270334 44.0 0
1747025270335 9.0 0
1747025270336 49.0 0
1747025270339 12.0 0
1747025270340 53.0 0
1747025270341 27.0 0
1747025270343 65.0 0
1747025270345 42.0 0
1747025270346 20.0 0
1747025270347 14.0 0
1747025270348 77.0 0
1747025270349 82.0 0
1747025270349 80.0 0
1747025270350 99.0 0
1747025270350 76.0 0
1747025270352 90.0 0
1747025270352 54.0 0
1747025270353 29.0 0
1747025270354 34.0 0
1747025270355 74.0 0
1747025270357 37.0 0
1747025270357 84.0 0
1747025270358 41.0 0
1747025270359 7.0 0
1747025270360 16.0 0
1747025270361 51.0 0
1747025270363 17.0 0
1747025270363 97.0 0
1747025270365 43.0 0
1747025270368 63.0 0
1747025270369 87.0 0
1747025270371 63.0 0
1747025270372 83.0 0
1747025270373 92.0 0
1747025270382 33.0 0
1747025270383 10.0 0
1747025270385 10.0 0
1747025270386 16.0 0
1747025270386 14.0 0
1747025270389 59.0 0
