1747025292208 45.0 0
1747025292208 4.0 0
1747025292213 29.0 0
1747025292213 92.0 0
1747025292214 38.0 0
1747025292215 70.0 0
1747025292218 25.0 0
1747025292219 10.0 0
1747025292219 22.0 0
1747025292220 77.0 0
1747025292230 91.0 0
1747025292231 45.0 0
1747025292231 18.0 0
1747025292240 16.0 0
1747025292245 80.0 0
1747025292249 46.0 0
1747025292250 60.0 0
1747025292252 48.0 0
1747025292253 33.0 0
1747025292254 83.0 0
1747025292259 35.0 0
1747025292259 9.0 0
1747025292263 40.0 0
1747025292265 81.0 0
1747025292266 95.0 0
1747025292270 28.0 0
1747025292271 42.0 0
1747025292272 38.0 0
1747025292273 88.0 0
1747025292274 98.0 0
1747025292279 76.0 0
1747025292280 37.0 0
1747025292286 23.0 0
1747025292286 10.0 0
1747025292288 14.0 0
1747025292290 10.0 0
1747025292293 57.0 0
1747025292295 37.0 0
1747025292296 55.0 0
1747025292297 66.0 0
1747025292299 51.0 0
1747025292300 60.0 0
1747025292301 45.0 0
1747025292307 48.0 0
1747025292309 40.0 0
1747025292310 40.0 0
1747025292312 23.0 0
1747025292313 1.0 0
1747025292317 2.0 0
1747025292322 3.0 0
1747025292323 37.0 0
1747025292324 62.0 0
1747025292325 8.0 0
1747025292327 67.0 0
1747025292330 11.0 0
1747025292340 23.0 0
1747025292341 42.0 0
1747025292344 76.0 0
1747025292345 53.0 0
1747025292348 36.0 0
1747025292351 20.0 0
1747025292352 4.0 0
1747025292357 2.0 0
1747025292358 92.0 0
1747025292359 22.0 0
1747025292360 78.0 0
1747025292361 16.0 0
1747025292363 51.0 0
1747025292367 98.0 0
1747025292371 11.0 0
1747025292373 34.0 0
1747025292375 28.0 0
1747025292377 55.0 0
1747025292380 18.0 0
1747025292381 80.0 0
1747025292389 11.0 0
1747025292389 33.0 0
1747025292392 83.0 0
1747025292394 51.0 0
1747025292395 89.0 0
1747025292395 73.0 0
1747025292397 50.0 0
1747025292398 84.0 0
1747025292401 53.0 0
1747025292402 94.0 0
1747025292404 35.0 0
1747025292406 63.0 0
1747025292410 49.0 0
1747025292411 85.0 0
1747025292412 20.0 0
1747025292412 10.0 0
1747025292414 85.0 0
1747025292414 10.0 0
1747025292415 4.0 0
1747025292419 67.0 0
1747025292427 18.0 0
1747025292428 22.0 0
1747025292429 41.0 0
1747025292430 75.0 0
1747025292432 18.0 0
1747025292434 7.0 0
1747025292436 47.0 0
1747025292436 1.0 0
1747025292438 37.0 0
1747025292438 13.0 0
1747025292439 17.0 0
1747025292442 73.0 0
1747025292447 97.0 0
1747025292449 42.0 0
1747025292450 14.0 0
1747025292452 37.0 0
1747025292452 90.0 0
1747025292454 99.0 0
1747025292455 95.0 0
1747025292456 11.0 0
1747025292458 35.0 0
1747025292459 45.0 0
1747025292459 15.0 0
1747025292461 98.0 0
1747025292466 37.0 0
1747025292468 18.0 0
1747025292469 64.0 0
1747025292474 43.0 0
1747025292475 96.0 0
