1747025292204 90.0 0
1747025292205 83.0 0
1747025292206 88.0 0
1747025292207 25.0 0
1747025292212 72.0 0
1747025292217 97.0 0
1747025292223 61.0 0
1747025292223 12.0 0
1747025292225 77.0 0
1747025292226 48.0 0
1747025292228 23.0 0
1747025292230 28.0 0
1747025292233 97.0 0
1747025292234 1.0 0
1747025292235 43.0 0
1747025292238 9.0 0
1747025292239 54.0 0
1747025292240 99.0 0
1747025292241 3.0 0
1747025292243 39.0 0
1747025292244 6.0 0
1747025292246 4.0 0
1747025292247 18.0 0
1747025292248 20.0 0
1747025292251 57.0 0
1747025292255 31.0 0
1747025292255 38.0 0
1747025292256 26.0 0
1747025292257 51.0 0
1747025292257 35.0 0
1747025292258 32.0 0
1747025292260 31.0 0
1747025292260 27.0 0
1747025292264 43.0 0
1747025292265 78.0 0
1747025292267 7.0 0
1747025292268 73.0 0
1747025292269 51.0 0
1747025292274 50.0 0
1747025292276 42.0 0
1747025292276 71.0 0
1747025292281 69.0 0
1747025292282 71.0 0
1747025292283 23.0 0
1747025292284 67.0 0
1747025292284 99.0 0
1747025292286 62.0 0
1747025292287 62.0 0
1747025292290 98.0 0
1747025292292 0.0 0
1747025292293 99.0 0
1747025292298 1.0 0
1747025292300 66.0 0
1747025292302 39.0 0
1747025292304 41.0 0
1747025292304 52.0 0
1747025292306 49.0 0
1747025292308 32.0 0
1747025292308 29.0 0
1747025292312 96.0 0
1747025292316 57.0 0
1747025292316 56.0 0
1747025292318 89.0 0
1747025292319 46.0 0
1747025292320 14.0 0
1747025292320 73.0 0
1747025292326 75.0 0
1747025292328 41.0 0
1747025292328 53.0 0
1747025292329 2.0 0
1747025292330 54.0 0
1747025292331 40.0 0
1747025292334 99.0 0
1747025292334 39.0 0
1747025292335 90.0 0
1747025292338 22.0 0
1747025292338 40.0 0
1747025292339 41.0 0
1747025292340 76.0 0
1747025292342 5.0 0
1747025292344 36.0 0
1747025292346 71.0 0
1747025292349 61.0 0
1747025292352 52.0 0
1747025292354 7.0 0
1747025292355 76.0 0
1747025292356 79.0 0
1747025292362 79.0 0
1747025292366 33.0 0
1747025292367 15.0 0
1747025292368 91.0 0
1747025292369 93.0 0
1747025292371 42.0 0
1747025292376 0.0 0
1747025292378 90.0 0
1747025292383 69.0 0
1747025292384 94.0 0
1747025292385 50.0 0
1747025292386 65.0 0
1747025292390 74.0 0
1747025292393 85.0 0
1747025292399 70.0 0
1747025292403 20.0 0
1747025292406 82.0 0
1747025292408 73.0 0
1747025292410 16.0 0
1747025292413 97.0 0
1747025292417 12.0 0
1747025292418 32.0 0
1747025292419 91.0 0
1747025292420 18.0 0
1747025292421 44.0 0
1747025292423 68.0 0
1747025292423 81.0 0
1747025292425 64.0 0
1747025292425 70.0 0
1747025292426 94.0 0
1747025292427 3.0 0
1747025292429 69.0 0
1747025292431 62.0 0
1747025292435 21.0 0
1747025292445 94.0 0
1747025292445 81.0 0
1747025292448 34.0 0
1747025292450 68.0 0
1747025292453 51.0 0
1747025292456 76.0 0
1747025292460 75.0 0
1747025292463 12.0 0
1747025292464 66.0 0
1747025292465 17.0 0
1747025292465 84.0 0
1747025292467 35.0 0
1747025292469 1.0 0
1747025292471 94.0 0
1747025292472 3.0 0
