1747025292209 24.0 0
1747025292210 69.0 0
1747025292211 53.0 0
1747025292211 19.0 0
1747025292215 0.0 0
1747025292216 46.0 0
1747025292217 21.0 0
1747025292221 78.0 0
1747025292221 30.0 0
1747025292222 80.0 0
1747025292224 51.0 0
1747025292225 12.0 0
1747025292226 54.0 0
1747025292227 37.0 0
1747025292228 10.0 0
1747025292229 42.0 0
1747025292232 39.0 0
1747025292233 31.0 0
1747025292235 57.0 0
1747025292236 18.0 0
1747025292236 31.0 0
1747025292237 84.0 0
1747025292238 46.0 0
1747025292241 32.0 0
1747025292242 61.0 0
1747025292243 37.0 0
1747025292245 44.0 0
1747025292247 3.0 0
1747025292248 69.0 0
1747025292250 40.0 0
1747025292252 38.0 0
1747025292253 0.0 0
1747025292261 50.0 0
1747025292262 63.0 0
1747025292263 32.0 0
1747025292266 77.0 0
1747025292268 94.0 0
1747025292269 49.0 0
1747025292277 39.0 0
1747025292277 22.0 0
1747025292278 38.0 0
1747025292279 41.0 0
1747025292281 35.0 0
1747025292282 47.0 0
1747025292285 53.0 0
1747025292289 4.0 0
1747025292291 43.0 0
1747025292292 92.0 0
1747025292294 79.0 0
1747025292295 6.0 0
1747025292297 10.0 0
1747025292298 50.0 0
1747025292303 59.0 0
1747025292303 95.0 0
1747025292305 54.0 0
1747025292306 23.0 0
1747025292309 16.0 0
1747025292311 63.0 0
1747025292313 87.0 0
1747025292314 41.0 0
1747025292315 21.0 0
1747025292318 68.0 0
1747025292321 96.0 0
1747025292324 69.0 0
1747025292326 47.0 0
1747025292336 94.0 0
1747025292336 89.0 0
1747025292337 65.0 0
1747025292342 94.0 0
1747025292343 28.0 0
1747025292346 16.0 0
1747025292347 32.0 0
1747025292350 63.0 0
1747025292353 10.0 0
1747025292354 60.0 0
1747025292356 6.0 0
1747025292358 40.0 0
1747025292360 25.0 0
1747025292362 0.0 0
1747025292364 77.0 0
1747025292365 11.0 0
1747025292365 87.0 0
1747025292369 2.0 0
1747025292370 18.0 0
1747025292372 26.0 0
1747025292373 22.0 0
1747025292374 8.0 0
1747025292375 32.0 0
1747025292377 15.0 0
1747025292379 52.0 0
1747025292382 83.0 0
1747025292384 11.0 0
1747025292387 33.0 0
1747025292388 9.0 0
1747025292391 4.0 0
1747025292391 26.0 0
1747025292395 98.0 0
1747025292396 7.0 0
1747025292397 97.0 0
1747025292398 97.0 0
1747025292400 47.0 0
1747025292400 90.0 0
1747025292403 58.0 0
1747025292404 93.0 0
1747025292405 25.0 0
1747025292407 6.0 0
1747025292408 8.0 0
1747025292409 62.0 0
1747025292415 40.0 0
1747025292416 44.0 0
1747025292417 35.0 0
1747025292421 81.0 0
1747025292422 37.0 0
1747025292424 65.0 0
1747025292431 98.0 0
1747025292432 35.0 0
1747025292433 2.0 0
1747025292434 35.0 0
1747025292437 98.0 0
1747025292440 66.0 0
1747025292440 54.0 0
1747025292441 32.0 0
1747025292442 22.0 0
1747025292443 22.0 0
1747025292444 49.0 0
1747025292444 47.0 0
1747025292446 62.0 0
1747025292447 98.0 0
1747025292449 81.0 0
1747025292451 66.0 0
1747025292454 52.0 0
1747025292457 4.0 0
1747025292457 74.0 0
1747025292461 39.0 0
1747025292462 19.0 0
1747025292463 81.0 0
1747025292466 43.0 0
1747025292470 10.0 0
1747025292473 70.0 0
1747025292475 86.0 0
